t B
120000.0 1.6008411834994777e-33 4.1448577126700976e-34 8.990215183680178e-34
120100.0 7.4421743672477856e-34 6.535605033740722e-34 7.848008123799507e-35
120200.0 -1.8081190528753322e-33 -7.549039097022024e-34 -2.271261497526626e-34
120300.0 9.145580024016298e-34 -3.895685152621859e-34 -6.624645612393919e-34
120400.0 -1.0166378668763828e-33 1.1942405538367379e-33 -1.3311958789632624e-34
120500.0 -1.274733511523003e-33 -1.1262891916684303e-33 -1.6696281475256802e-33
120600.0 7.890487555316149e-34 -6.278786448462002e-34 2.207223981006325e-34
120700.0 -9.333251338267521e-35 6.724482373748631e-35 -2.774167559073378e-34
120800.0 1.3117823562622976e-34 -1.4570154713775768e-33 9.57562453959459e-34
120900.0 -9.027134833536363e-34 9.594459576530452e-34 4.042608669715846e-34
121000.0 -8.461309241687068e-34 -1.0819680893199917e-33 -6.943777432973603e-34
121100.0 1.0601335814296393e-33 3.133977274423492e-35 9.59195479992325e-35
121200.0 -2.0971788528051107e-33 -9.408911373156658e-34 1.3737043764563615e-34
121300.0 3.505112339180362e-34 -6.315735153537524e-35 -1.5265528553458084e-33
121400.0 -1.5591094888439553e-34 -1.2992621259868843e-33 -2.5420911504105333e-33
121500.0 -8.402320226800352e-35 -1.492093244490059e-34 9.705291521162424e-34
121600.0 -2.4254363000488824e-34 4.646065962110185e-34 -1.1450038521264026e-33
121700.0 1.4423706910069893e-33 1.0966389640028297e-33 1.1179510417167182e-33
121800.0 -6.96198942839693e-34 7.853420708756226e-34 -2.076865180692238e-33
121900.0 -5.365863540132339e-34 2.1317580173798013e-33 -1.1709074741580341e-33
122000.0 3.5349949513769646e-34 1.3681632546415294e-33 -5.812376202609494e-34
122100.0 5.827167516991123e-34 2.125058866876557e-34 1.877683343512439e-33
122200.0 5.096674505780488e-35 1.170357775885904e-33 4.85410881696052e-34
122300.0 1.3738110753617349e-33 -6.983682644606167e-34 -1.6068480691579658e-34
122400.0 -3.1026565785125238e-34 2.7552832033487075e-35 -1.2606872350452452e-33
122500.0 -4.5510781798293984e-34 1.046189980366968e-33 -4.0603765790181105e-34
122600.0 -6.984802687509803e-35 1.0237429940199006e-33 8.28856442491327e-34
122700.0 5.62787707106566e-34 1.1386940617512038e-34 -1.7484811858958376e-33
122800.0 -1.4770642498559038e-34 2.9117466389250122e-34 2.007763347771247e-34
122900.0 -1.457984668143971e-33 -1.846472810875291e-33 -2.97809520949904e-34
123000.0 -5.309023840865e-34 7.857424617913854e-35 -3.765643236495343e-34
123100.0 1.1023361365347792e-33 6.106669214846169e-35 -9.770112051611685e-34
123200.0 1.4757567160839346e-34 6.235864003553831e-34 1.0526693403158478e-33
123300.0 -1.5107244851556154e-33 8.649625599700357e-34 -7.788010153530179e-34
123400.0 2.9887041236665608e-33 1.1644226770700063e-33 1.5904403357807785e-34
123500.0 -2.4407472680209944e-33 4.536506027880073e-35 2.890550631080436e-34
123600.0 3.5977583666606398e-34 -1.2048748860349878e-33 7.2919054484229726e-34
123700.0 1.1391267689351948e-33 -2.492220839530017e-33 8.051400014495323e-34
123800.0 -3.964760636194493e-34 -1.7320091648139108e-34 -2.353293812352186e-34
123900.0 -8.10282331163672e-34 2.117501057560217e-34 1.189026862605889e-33
124000.0 -1.0870417396025315e-34 -4.043562016158175e-34 7.276204853686835e-34
124100.0 -5.50856358101034e-35 1.641258081742005e-33 6.441535679281584e-34
124200.0 -1.8244459700240702e-33 9.616696917039026e-34 -1.7705856704677277e-33
124300.0 4.900177054630867e-35 2.537154729940067e-33 1.8296570495444012e-34
124400.0 -8.134949065305838e-34 -6.006048349083936e-34 -1.728353108772297e-33
124500.0 1.4163761324956409e-33 2.577760872907009e-34 -6.291922686455774e-34
124600.0 7.040605894645619e-35 -1.565156829538005e-33 -1.4396822595205327e-33
124700.0 -1.6850798789067128e-34 -5.635323253465844e-35 -3.7747534565608375e-34
124800.0 -7.650248653790794e-35 9.491845929645557e-34 -1.055391435680751e-33
124900.0 2.5162339778503633e-34 1.946964355264687e-34 -8.058741961225473e-34
125000.0 -2.987405952382047e-35 1.402553615685617e-33 -8.476619118469141e-34
125100.0 -1.760647965087153e-33 6.562236540583417e-34 2.157113045920794e-33
125200.0 1.7382594613216094e-33 3.795850764107778e-34 -4.619839010376087e-34
125300.0 -8.461828044864923e-34 -2.748743139406246e-33 -1.0103991335962209e-33
125400.0 -6.258607060062086e-34 -1.2544144992912745e-34 3.8308193841070023e-34
125500.0 -2.7316865702703007e-34 -1.4467571040657634e-33 7.622894011092471e-34
125600.0 -1.3329581599843119e-33 9.515763481749751e-34 6.1299345580576994e-34
125700.0 -1.6630948996683156e-33 -3.7802950112341924e-34 -2.050254608371209e-33
125800.0 5.642282290383454e-34 1.8708177691801494e-33 2.5226311380608618e-33
125900.0 9.522090951688107e-35 -1.285462433035668e-34 1.1848809814534489e-33
126000.0 -1.7900596295736722e-33 -8.215581035457503e-34 -1.1820991090043035e-33
126100.0 1.4454373331050455e-33 -4.417368034425649e-34 -2.121100495906271e-33
126200.0 9.875808571641844e-34 3.6363815877060074e-34 4.217165264208591e-34
126300.0 1.1450526119218027e-34 9.156328789137255e-34 -1.6769722196486323e-34
126400.0 -8.821597088929498e-34 2.3835364109915514e-34 -1.5349770379865104e-33
126500.0 -1.0429447080558248e-33 5.309058035063279e-34 1.7852270848962512e-33
126600.0 5.208702491231676e-34 -8.83568651959407e-34 -1.7422214685202338e-34
126700.0 -8.670205266499073e-34 5.164661213975084e-35 1.711307089825408e-33
126800.0 -2.907373243178558e-34 -7.631508730272123e-34 4.450745009508259e-34
126900.0 4.337207118965496e-34 -1.7726445519146262e-33 -1.9604565046971434e-33
127000.0 -4.45728349800447e-34 8.396467196104676e-35 -3.173322740188659e-34
127100.0 -1.6643636123732427e-33 1.5294395316373438e-33 -1.49955220969193e-33
127200.0 1.4245352947271816e-33 3.8562203998764374e-34 2.223666896238491e-34
127300.0 1.2554789043336815e-33 -2.7736331385393813e-34 -1.4998506991683383e-33
127400.0 -1.2109343696005706e-33 1.3224564941604455e-33 2.6566776899285416e-34
127500.0 1.075268501282066e-33 -1.6444689161212386e-33 9.93351922825922e-34
127600.0 -1.3967486341036524e-33 -9.902500001018674e-34 -1.024439857276415e-33
127700.0 -5.261403794117809e-34 -2.7029538309663597e-34 -8.467644745191251e-34
127800.0 1.6917204298980109e-34 -2.207613675469746e-33 1.1719806723872062e-34
127900.0 -1.5680007814782882e-33 2.11807419075828e-33 2.28223115671313e-35
128000.0 -6.234369423855615e-34 -1.0963721939884042e-33 7.25976791663426e-34
128100.0 -1.1054334557598339e-33 -1.1573983573999007e-33 -1.0042893631121406e-34
128200.0 -7.2506163365292556e-34 1.7066119119302493e-33 3.501476967372234e-33
128300.0 -1.1661018538932866e-33 -1.7278367991873722e-33 8.731386872714323e-34
128400.0 7.999371581514085e-34 -2.7134686927828756e-33 -9.422118921505293e-34
128500.0 2.3194514921070292e-33 -5.27513265776383e-34 2.053163527479853e-33
128600.0 7.413516788414027e-34 1.94395862540906e-34 2.3931450736700973e-33
128700.0 -1.0138232762501524e-33 2.0759531623957542e-34 1.753638610748065e-33
128800.0 -7.265319710198163e-34 -7.768682338646168e-34 -2.5815141381142178e-33
128900.0 -2.029862172561769e-34 1.164542236524975e-33 -1.2154884371789254e-33
129000.0 1.402902972036007e-33 4.734961390034486e-34 4.987589886104795e-34
129100.0 -2.0410153892452544e-33 1.1605163274103459e-33 1.8163293038871916e-34
129200.0 -2.9115136717623612e-33 6.500498939511142e-34 -7.10958415185109e-34
129300.0 -2.114628832489365e-34 5.716806872121551e-34 3.0359625808218676e-34
129400.0 -3.659921319821033e-34 -9.756615876065076e-34 -1.0176725434508163e-33
129500.0 -6.282582743464528e-34 2.0817389511422826e-33 -7.808526131587319e-34
129600.0 1.8080099825743224e-33 1.8113046610569082e-33 2.9396061034318323e-33
129700.0 6.361849151093969e-34 6.1771645979974496e-34 -8.146917997883528e-34
129800.0 1.0036750449854928e-34 1.0469068872485402e-33 1.0278804749026267e-34
129900.0 -7.707935824220633e-34 -2.0172711790526503e-33 -2.02864287253403e-33
130000.0 1.8061680457524022e-33 1.6187547010453693e-33 2.244484399351703e-33
130100.0 -7.6272236108950725e-34 8.744288919636774e-34 -2.8387459900775432e-33
130200.0 6.797917890172917e-34 -9.640039611020005e-34 1.1508534012792425e-34
130300.0 -1.955411280411793e-33 -8.532113712452295e-34 -1.4910502436456473e-33
130400.0 5.861471332990739e-34 -7.644655927198835e-34 2.458578086150689e-34
130500.0 3.7399540070455187e-34 7.082578377370755e-34 -1.6333291647225693e-33
130600.0 4.929162065312974e-34 1.2866252985997074e-33 -1.2273289251225818e-33
130700.0 -1.0497390409524567e-33 -5.731988104385026e-34 -2.219870567415853e-33
130800.0 6.916983947289831e-34 -1.3235881011196572e-33 1.862304463647671e-33
130900.0 -1.7446912918402698e-33 2.2233778478925298e-33 -2.257843976316003e-33
131000.0 -1.0981961482909141e-33 -8.009079388748042e-34 -3.0012100973856387e-33
131100.0 1.9323223028129728e-33 -3.191267941040809e-34 -7.106821386710578e-34
131200.0 -2.0632079230127137e-33 -1.265431381514179e-33 7.353741229585769e-34
131300.0 -2.425431888324625e-35 1.2898205942685015e-34 1.8417992679320305e-34
131400.0 -7.020683587190333e-34 -5.370917982576601e-34 1.2966471658636e-34
131500.0 -6.5672536777709125e-34 1.3441861923970776e-33 -9.023365002904552e-34
131600.0 4.9795699575917766e-34 -2.572102880349525e-33 6.374735993709046e-35
131700.0 1.7452575570812468e-33 -1.2744947308903546e-33 -6.030212815173816e-34
131800.0 -4.8909736654610595e-34 -3.0511226751598798e-33 1.2571577037182291e-33
131900.0 -2.1574869275458723e-33 -2.298348368222837e-34 -1.0014688978467137e-34
132000.0 -1.5948735920467013e-33 5.254056381942866e-34 -1.0167899546798455e-34
132100.0 -2.249833650010126e-33 -9.398057771794949e-34 -1.045659701778461e-33
132200.0 4.085104181527737e-34 1.7385314164224398e-33 1.5236060614784255e-34
132300.0 1.78538798324764e-33 5.853832301932728e-34 -3.881572425973374e-33
132400.0 6.636857561132429e-34 -5.988536302664067e-35 1.887981135640348e-33
132500.0 -1.149072324841411e-33 1.2321354352197447e-33 -6.570019522103208e-34
132600.0 -8.885491169477847e-34 -9.696615431497315e-34 2.3243110555359024e-35
132700.0 9.867864124368453e-34 1.0780938403644799e-34 -1.6441343659098882e-33
132800.0 -1.2697810081571293e-33 -2.4270477163492817e-33 1.897532617923647e-33
132900.0 1.0093717456256982e-33 1.1490523221244849e-33 -9.316598516664233e-34
133000.0 -2.4362889811194815e-34 1.1020087461010063e-33 -1.3464429364876287e-33
133100.0 3.4942919374382476e-34 -7.000784542293031e-34 -3.54151900575728e-33
133200.0 1.868255158138791e-33 -2.098181094559977e-33 2.3777772037918477e-33
133300.0 5.7879576399138455e-34 -4.972678870617404e-34 -1.3708994641829341e-33
133400.0 3.62506928880887e-33 2.4801207059783066e-33 -8.571024094749802e-34
133500.0 8.077244220426297e-34 -2.6267761600566453e-33 -1.894269184117724e-33
133600.0 1.2758749896061298e-33 5.1152477671049546e-34 2.9764341218116964e-33
133700.0 -1.0078213841152235e-33 -7.969436589271862e-34 -3.0309212167290178e-33
133800.0 1.2079694383768962e-33 1.3459932581265256e-33 1.5319733217772458e-34
133900.0 1.4125078967604256e-33 -2.6648378038035543e-33 -2.1443007864330518e-33
134000.0 1.0845791628824952e-33 -5.8802522653639695e-34 -2.07966082139342e-33
134100.0 1.047537483098477e-34 9.107800979818912e-34 2.1813067356937618e-33
134200.0 2.3127161402775312e-33 -1.7843728039997268e-33 -8.660647823225027e-34
134300.0 1.2053191604441606e-33 9.350002211320975e-34 1.1153245279244756e-33
134400.0 1.3586929531269513e-33 1.0691454081415438e-33 -8.593577183468052e-34
134500.0 8.34050839603917e-34 8.787382204897835e-34 1.7309184719998675e-33
134600.0 1.0851391648112963e-33 -5.472852744844866e-34 4.755688637703891e-34
134700.0 -1.3264491757530947e-33 3.9659161047197635e-33 2.2146462042883693e-33
134800.0 5.379360993088524e-34 5.071282659391455e-35 2.0733272907373657e-33
134900.0 1.0266005610317744e-33 -4.988342176414214e-35 -2.3507273752693552e-33
135000.0 -7.009197431854035e-34 -1.1878042344939805e-33 -5.424209955810101e-34
135100.0 5.053306465421315e-34 2.8558476886235347e-34 -3.542490017591934e-34
135200.0 8.844478523147931e-34 4.2302928830329305e-34 -3.276654201310721e-34
135300.0 -1.1022245665661741e-33 -8.82237730787205e-34 -7.222958048563321e-34
135400.0 4.922075641286904e-34 -5.754029398995946e-34 -4.018603572077035e-34
135500.0 -1.042750159416863e-33 2.8639974158260302e-33 1.1902843632714283e-33
135600.0 1.4804124976874416e-33 -4.046535873674134e-35 1.3386813189807929e-33
135700.0 1.2472663584450706e-33 1.1793788161270158e-33 1.5103699803206539e-33
135800.0 1.0606327336533516e-33 1.8824678896342836e-33 6.073913867371357e-34
135900.0 -8.547890669864026e-34 9.431829530843991e-34 -5.8078568627339225e-34
136000.0 2.0869675182973568e-33 -3.8849742187031464e-35 1.2872451068780432e-33
136100.0 -1.2469585362101196e-33 3.3677482590739657e-34 3.7405438673136648e-34
136200.0 1.570857698670791e-33 -3.2351330694723788e-34 7.184341514202943e-34
136300.0 4.321362043080863e-34 -5.422925316228849e-34 1.3422518736232513e-33
136400.0 -3.469398329965571e-34 -7.785460849737921e-34 6.89235735355614e-35
136500.0 3.4579319134058385e-34 -3.84674302466275e-34 -1.5176617131499312e-33
136600.0 -1.1379872967137222e-33 -1.241754484779642e-33 2.979388374102729e-34
136700.0 4.404170238274216e-34 1.6929465244413029e-34 6.786987088750812e-35
136800.0 -2.3998594501066963e-33 -7.260033186975208e-34 -1.578292014837618e-33
136900.0 -9.245120061097315e-34 4.34526912316557e-34 3.733173714160513e-34
137000.0 -8.56772837205562e-34 -8.131774908281105e-34 -1.0521130539279969e-33
137100.0 -1.0499347567542697e-33 -1.770457359889414e-33 1.8595053683982574e-33
137200.0 1.4433157633059123e-34 1.0259620709457922e-33 -1.3260754214553468e-34
137300.0 -4.43429990850672e-34 8.225568812827397e-34 -4.0257940754481425e-34
137400.0 -9.261173196997663e-34 -1.618253978067765e-33 1.6355950530237522e-34
137500.0 1.7366606328749818e-33 2.163373976180904e-33 -1.359135887632014e-34
137600.0 6.910607606033046e-34 1.6004414550700833e-33 -6.54351438608679e-34
137700.0 -3.954781973298198e-34 -1.3810119458986423e-33 -3.7421467208137048e-34
137800.0 3.1819866779877814e-34 2.073733214781501e-33 1.2080051890414659e-33
137900.0 -2.2435140578757565e-34 -5.781765124324354e-34 1.602231841350184e-33
138000.0 1.9196541955842215e-33 -2.579763785846183e-33 -5.794670187109534e-34
138100.0 6.849713239241577e-34 9.89679683247922e-34 -4.08820569888385e-34
138200.0 -1.1227431388749432e-33 -1.2435862093947033e-34 5.4175770741489215e-34
138300.0 -6.314013796123016e-34 -6.180277364851288e-34 -2.8472446527061556e-33
138400.0 4.723682584068892e-34 -1.28016878400227e-33 -4.175304867662295e-34
138500.0 1.1732846317695405e-33 3.13442115981973e-34 3.4584110404630583e-35
138600.0 2.917885382658586e-33 -7.201701449444877e-34 -1.3980104577767457e-33
138700.0 -1.613000566576589e-33 2.229382170680517e-33 2.0515115761355085e-33
138800.0 -1.809122901771811e-33 1.0568420085048712e-33 -2.1136001931803026e-33
138900.0 -7.770514602964173e-34 6.189857306002385e-34 -1.5031876092980391e-33
139000.0 9.526682976089869e-34 9.37055502778903e-34 -1.1830901164121339e-33
139100.0 -6.942565900163865e-34 1.3527575514343727e-33 3.9034722534074094e-33
139200.0 1.7389217133268642e-33 1.3901761723911955e-33 -1.754351373261558e-33
139300.0 1.5387490610502799e-33 2.8079582391927546e-33 4.3640113943304265e-34
139400.0 -2.3379421812637225e-33 -1.0636465747142466e-33 -1.9199108597212439e-34
139500.0 4.40098549384698e-34 2.7835678371940566e-35 8.500672335310407e-34
139600.0 1.9856023274567813e-34 9.963545239445915e-35 -1.645345063701374e-33
139700.0 -6.538057560230444e-34 -1.0371905503915423e-34 -2.1085305524877137e-34
139800.0 -3.877893592741002e-36 1.4254070216952748e-34 -1.4407976021740268e-33
139900.0 -1.8099186790964977e-33 4.287726602319337e-34 4.4621257963396525e-34
140000.0 1.210466400941549e-34 -1.376022947062319e-33 4.150739333071482e-34
140100.0 -1.7230277754374613e-33 -1.6911309331201162e-33 -1.708261435523226e-33
140200.0 1.6321126119550258e-34 -2.280191990743917e-33 6.794576680260715e-34
140300.0 -3.834600522725462e-33 -1.546944411219473e-33 9.689522597535718e-34
140400.0 1.294783573654631e-33 9.070656093954572e-34 -1.4655130955450483e-33
140500.0 1.6110111451244216e-33 -1.0806381324132475e-33 -4.310569651643701e-33
140600.0 -3.064657209251292e-33 -1.1451999539985053e-33 1.8547440551286343e-33
140700.0 3.221631989140948e-33 7.379865858831033e-34 1.632658024127063e-33
140800.0 2.848723473032928e-33 2.932913202090002e-34 -1.1882101166274893e-33
140900.0 -4.4147387899011835e-34 1.997681326966727e-34 -1.241266586421025e-33
141000.0 2.788681780512055e-34 -4.115998556071456e-34 -5.616382748616158e-34
141100.0 -2.045304454665871e-33 -8.81740205770591e-34 1.594995842190626e-33
141200.0 -7.931853176732276e-34 2.290382146153853e-33 -1.367951902069361e-33
141300.0 1.9642872677589184e-33 1.2524674728616564e-33 -2.061371519525628e-34
141400.0 2.379274228243207e-33 3.108893624279481e-34 -2.038407762937266e-33
141500.0 -5.029084005190015e-34 4.8432429446618176e-34 -2.0016370048425245e-33
141600.0 -1.4084397070286497e-33 -1.425866505578027e-33 -1.9691401235119737e-33
141700.0 -6.34946402229382e-34 2.056496577940211e-34 -3.86716623736124e-33
141800.0 4.898687474606026e-34 9.739479192712384e-34 1.0546135872541835e-33
141900.0 -1.667618654518557e-33 2.45847039061704e-34 2.3478393543769377e-33
142000.0 -1.7276219386417217e-33 -2.120498925650203e-33 -3.488744790568556e-33
142100.0 -1.1044152588828666e-33 -1.2451206065623526e-33 3.0515645794905037e-34
142200.0 7.353894050950501e-34 -1.57786561985169e-33 9.2299276775725e-34
142300.0 1.165173670357175e-33 1.760822543873416e-33 1.2603189585544327e-33
142400.0 2.1215857358928546e-33 8.829565399517102e-34 -2.193213697762345e-34
142500.0 2.5852771301331746e-34 8.001991947919004e-34 2.6325619318245944e-33
142600.0 2.0749112458577484e-33 -1.3366361537266803e-33 1.576572248890247e-33
142700.0 1.0937472317608558e-33 7.595520347641783e-34 1.2123421430886411e-33
142800.0 3.383724418103953e-34 -1.4839564201407374e-33 -1.2313161759158154e-33
142900.0 -1.5871108769532216e-33 3.1109729572941845e-35 6.627306064636074e-34
143000.0 1.1912669077928264e-33 1.766824923270661e-33 -3.2682963316586064e-33
143100.0 -6.853619342996779e-34 2.190528929153335e-33 5.390926345833108e-35
143200.0 2.1425412043976252e-33 -1.848532521384771e-33 2.1114205459775816e-33
143300.0 -2.6335328650186625e-33 4.883577958486194e-34 1.7233599381495405e-33
143400.0 -2.8538512841709296e-33 -2.3725665983408918e-33 -8.132259508068754e-35
143500.0 5.0446823532816696e-34 2.559555640048067e-33 -9.424301633604055e-34
143600.0 1.614869290294688e-33 9.857092276810032e-34 -8.81664455090121e-34
143700.0 -2.3137280759170615e-34 1.3793148508398395e-33 1.883489150643612e-33
143800.0 -9.928099679352155e-34 -1.5035401121288827e-33 -1.3726114899254111e-33
143900.0 -1.626062563221431e-33 6.578763987931221e-35 -3.2394435907121804e-33
144000.0 -2.0048616276218348e-33 1.3660494379775584e-34 1.2100611034257391e-33
144100.0 -2.7659237482977864e-33 -1.5421808638879546e-33 -1.3944242161571891e-33
144200.0 -2.228487847728445e-34 1.024537745303434e-33 -1.4426628731911052e-34
144300.0 -1.369654080198795e-33 -2.500603896037192e-33 -2.9029072813644225e-33
144400.0 -3.0872724377023295e-34 1.2382498680074965e-34 2.4102043456128935e-34
144500.0 -6.470254261678527e-34 -2.6837800656858582e-34 1.7443826374813118e-33
144600.0 -1.947252078445064e-34 2.8072438965641823e-34 -1.2958821332835423e-33
144700.0 5.166666134458017e-34 -7.859668161718664e-35 -4.900802929777893e-33
144800.0 4.993766930130247e-34 1.041639218257231e-33 -9.65910217267118e-34
144900.0 -7.679837562348972e-35 3.061252394517358e-36 -1.103967863182638e-33
145000.0 -3.040009403926431e-34 -2.904298089308493e-34 2.4153847545003993e-33
145100.0 -1.3732232559239618e-33 4.504200696019854e-34 1.4296515408112804e-33
145200.0 -5.495710520092927e-34 -1.8250271058955606e-33 -1.773476860013659e-33
145300.0 1.4119005851666263e-33 1.0326000653230807e-33 2.2829564715112345e-33
145400.0 1.3228572981455558e-33 1.4595373176068446e-33 9.294719850250412e-35
145500.0 -1.76146043710776e-33 -5.240796248037243e-34 8.312072616245435e-34
145600.0 8.148039891990964e-34 3.052019947414046e-33 3.547444806534228e-34
145700.0 2.5209783015519403e-33 1.2386282885067333e-33 1.4239009113272042e-34
145800.0 -1.7501788655415314e-34 -5.71973443437054e-34 4.182679582451229e-34
145900.0 -1.7400350039442428e-34 -5.949549812037518e-34 1.234768797668339e-33
146000.0 9.20403587292495e-34 2.1914178259338737e-33 -1.0882869110211795e-33
146100.0 2.315414174825818e-33 -3.330574734052942e-34 -6.570403056134387e-34
146200.0 1.43077904473056e-33 1.5220918937028945e-33 -5.136419860154511e-34
146300.0 3.6991583563917103e-34 2.2842898007653117e-34 1.985001536230396e-33
146400.0 -2.4021410278639886e-33 1.7100140222455186e-34 3.5904500775490276e-34
146500.0 4.578448562203165e-34 -7.359208377247454e-34 -2.934836450259318e-33
146600.0 1.2695322481210995e-34 4.217958448351739e-33 -3.48594350837015e-33
146700.0 -5.459488573056499e-34 -3.2071246698320363e-34 -1.3527970512169093e-33
146800.0 -9.71692812329945e-35 -3.276062467997945e-34 1.5863681457912124e-33
146900.0 -1.1577669141492924e-33 2.4981839263114076e-33 2.2088608506815535e-33
147000.0 -7.290673981355156e-34 1.4668916823974343e-33 -1.887071984239659e-33
147100.0 -8.044544215158993e-35 -1.7936226214112253e-33 4.399209870329352e-34
147200.0 -4.725369545041327e-35 -1.6130703251879278e-33 -4.623473401473822e-34
147300.0 -1.1163178435025942e-33 -5.889476533880169e-34 -1.2592249279050948e-33
147400.0 1.660899788744043e-33 7.356586158959543e-34 -1.9871867232106197e-34
147500.0 4.11220807294481e-34 1.0795716183056005e-33 1.65826951997265e-33
147600.0 1.621538538645407e-33 1.1800333445490002e-33 1.0892763785827113e-33
147700.0 -9.913869384331963e-34 1.2060299417644177e-34 -7.217048175251023e-34
147800.0 2.36990880247224e-33 3.872833833831899e-33 7.01589035125719e-35
147900.0 1.7631298638894642e-33 1.36079494998577e-33 1.4898486015750905e-33
148000.0 1.027555163823435e-34 6.672258155410832e-34 -5.497037255137905e-34
148100.0 -2.2907340610578792e-33 2.371708051895091e-33 -2.1770514641187017e-33
148200.0 -9.155997812340087e-34 -7.532316662341233e-34 5.988870461993126e-34
148300.0 1.978361210261823e-33 -2.204400963161805e-34 -1.0648734732982675e-33
148400.0 1.299884513837173e-34 2.3384940146666904e-33 -2.653210379442108e-33
148500.0 3.0975558409303456e-33 6.6624017364170565e-34 7.74423281831263e-34
148600.0 6.184839742949201e-34 7.877100710888144e-35 4.2900765042436786e-34
148700.0 1.2113335501705659e-33 3.7435615284303464e-34 2.4340199816654213e-33
148800.0 -1.8972087109967897e-33 -7.26531424375161e-34 -1.0395776389196268e-33
148900.0 1.5394833335797322e-33 2.0997789244092403e-33 7.765438585974783e-34
149000.0 2.526264460664215e-33 2.40757438601922e-34 -3.997971319900481e-34
149100.0 -7.234345810150566e-35 -2.7653879687409598e-34 -1.0623727519473947e-33
149200.0 -1.5458080160177357e-34 5.422762827588525e-35 3.136492301417399e-33
149300.0 1.6443410038831696e-35 -1.2994836748588664e-33 -5.064134763989308e-34
149400.0 -8.313073640253182e-34 2.4558261887979885e-34 1.4706614771813936e-33
149500.0 3.48389904460144e-34 -6.753030661914067e-34 -3.0622672702521654e-34
149600.0 -3.7581422936885417e-34 -1.021331178588928e-33 -2.2370795168681384e-33
149700.0 1.5461856215666802e-33 -5.169161578199296e-34 6.48278679073203e-34
149800.0 -1.7286000032989749e-34 3.454432536503449e-34 2.0367694155872622e-33
149900.0 -4.567173827578764e-34 -7.1297155357668255e-34 -1.5677136227882603e-33
150000.0 -2.5673663554752436e-33 1.7160123372450383e-33 -3.0867020041000346e-33
150100.0 7.5393706371330104e-34 1.5318747539917903e-34 5.134845474069793e-34
150200.0 3.674767621237086e-34 -1.3529627667455946e-34 2.4681338240190844e-33
150300.0 -3.847398666947432e-34 -2.5637727852415533e-33 -1.1483706704805125e-33
150400.0 9.78476200898393e-35 -7.080827873074216e-34 4.53323330855221e-34
150500.0 -1.1626337132212187e-33 -4.285709534294926e-34 -6.052812483353471e-34
150600.0 2.780067122478545e-34 -2.4969034842065277e-33 -3.3216155847306606e-34
150700.0 -9.274173795526513e-34 6.90967772254005e-35 -1.774864174459157e-33
150800.0 2.8333692569074928e-34 -3.5874610997581416e-34 9.944518440804028e-34
150900.0 2.5605297346031206e-33 1.97823928178255e-33 -2.9496968318963183e-34
151000.0 -1.73925024684571e-33 -8.280011337887017e-34 -3.536981035274278e-34
151100.0 -6.849212999973277e-35 1.6140804751290264e-34 -6.282130859512862e-34
151200.0 -5.72142393905498e-34 1.0265226220800373e-33 1.0210170687266543e-33
151300.0 4.7691189284540596e-35 8.357902460927956e-34 -1.8144836933754497e-34
151400.0 5.646986515028642e-34 -9.493143984027801e-34 -1.6888150556793346e-33
151500.0 1.0789990619161101e-33 6.5300870008633115e-34 -1.1383338890237721e-33
151600.0 1.514412790091989e-34 -7.763590597919914e-34 -6.481731696341504e-34
151700.0 5.9399658513983565e-34 1.5231771506387042e-33 2.4363598361357203e-33
151800.0 9.682088296581375e-34 -1.2408416056729558e-33 -1.94034292307722e-33
151900.0 8.192658864249525e-35 -8.291925724145504e-34 -2.007737902880289e-33
152000.0 -1.1113495218054938e-33 -2.5948566559184028e-33 -2.669338000495119e-33
152100.0 1.9148805145049742e-34 -3.127304840153033e-34 -4.297123782615765e-34
152200.0 -1.0919023561817602e-33 1.4904144093094422e-33 -1.2611786700672098e-33
152300.0 1.4612836117037642e-33 -9.690148327964438e-34 -1.3677684980169041e-33
152400.0 1.1417263324046056e-33 -1.3827046175883213e-33 -2.324195049544342e-33
152500.0 1.1830698843733627e-34 1.5845472279788083e-34 5.345380243040713e-34
152600.0 6.075761058666481e-34 6.5872684754998045e-34 -3.436345449142896e-34
152700.0 1.2087967815329569e-33 -2.2760721827901516e-34 1.4036312991736697e-33
152800.0 -9.802695699497237e-34 -1.8809372487660524e-34 -2.6878415179439463e-33
152900.0 2.0506311287004225e-33 6.211486722439901e-34 -1.1150601535797076e-33
153000.0 -1.2629486184877423e-33 -1.3491315175070475e-34 4.852323912362973e-34
153100.0 -1.8855679763810015e-33 3.1549160068075592e-34 1.7042718597699915e-33
153200.0 -2.2012449679093326e-33 -7.652639728214711e-34 -4.724684611370193e-34
153300.0 1.9790999740042825e-34 -1.8266354868221903e-33 -5.730785416640368e-34
153400.0 -1.694765810293949e-33 -1.443042981210971e-35 1.4870197789005269e-33
153500.0 9.189185292252113e-34 2.1459492289920265e-33 2.893045947276047e-33
153600.0 2.7164386249016987e-35 8.823057491840062e-34 4.483329013499155e-34
153700.0 9.21347240014504e-34 -2.341098728983739e-34 3.165431237699653e-34
153800.0 -1.985662823029922e-33 8.936826973977367e-34 -3.749832316204054e-34
153900.0 -2.1356645835882802e-33 1.056792671793883e-33 -1.21338298753867e-33
154000.0 -2.3404218722333792e-33 -4.1078173344833465e-34 1.6452704492342216e-33
154100.0 9.995169448582217e-34 2.136567781741595e-34 1.7478796108171527e-33
154200.0 1.3453635545836551e-33 3.4292788664223553e-34 -1.071443243566639e-34
154300.0 3.076739209925382e-33 -1.4799772339288153e-33 -1.0590618453198144e-33
154400.0 2.114028269232747e-33 -5.169767350427281e-34 1.4825526077757137e-33
154500.0 2.6103487202527894e-34 -8.154301024158995e-34 -2.16993096124509e-33
154600.0 1.0966395170563365e-33 -6.139047032327324e-34 -9.07420161829524e-34
154700.0 2.698865660456142e-34 1.0290268835439608e-33 7.235813388454133e-34
154800.0 1.4451277384569213e-33 8.086955062685389e-34 -3.894251524405155e-33
154900.0 -1.8858258290480664e-33 -1.547480303609711e-33 8.51969091839143e-34
155000.0 2.442753034869131e-33 1.4680486251858474e-33 1.1977476012287023e-33
155100.0 -4.298619078870631e-34 5.074644000406863e-34 -1.9663257186311474e-34
155200.0 2.9059282368417555e-33 1.4416570296795453e-33 2.0533328534664184e-33
155300.0 1.4748149488722456e-33 -8.704827903506638e-34 -1.3784847180936022e-33
155400.0 1.6391852574430478e-33 -3.202858857563297e-34 -2.025373055458557e-34
155500.0 -1.94870740263698e-33 -1.6125642116032257e-33 -3.100653452209272e-34
155600.0 -2.300641178195026e-34 2.671961439846936e-33 -1.6086776740277865e-34
155700.0 9.189601576567094e-34 2.0636313474143802e-33 1.386754335739651e-33
155800.0 -4.790082864873528e-34 6.661364409551102e-34 -2.1202713756657038e-33
155900.0 -1.1248206473345622e-35 5.3709549730594e-34 -2.051992360536832e-33
156000.0 2.5365301744856176e-33 6.90482915340652e-34 2.1672776701711917e-34
156100.0 -1.448164723519339e-34 2.018754143952417e-34 -1.3636504765310068e-34
156200.0 1.2029345918853166e-33 -2.5030955498507917e-34 -3.27898725753643e-33
156300.0 5.270577914647766e-34 7.635750586789744e-34 -2.463314126104057e-33
156400.0 4.895241281342615e-34 -2.2058601372281264e-34 2.1751879371686616e-34
156500.0 -9.060579121775079e-34 2.3512667508071272e-33 9.171203848780355e-34
156600.0 6.234247568069417e-34 -2.2246956915726292e-33 2.8895728675035144e-33
156700.0 -1.5385799434796948e-33 1.2407902491855726e-34 -1.5839929695974598e-35
156800.0 -5.1536811711696e-35 -4.05988885800355e-34 2.474106586801776e-33
156900.0 -1.968881329935042e-33 1.068577312845427e-33 -1.4707902954785272e-33
157000.0 -4.576950427999018e-34 2.118216055932442e-33 1.8581017453218396e-33
157100.0 -1.898643125671683e-33 -2.0982504094196135e-34 2.0722925973093726e-33
157200.0 -1.0679766902142343e-34 -2.1183241701883365e-33 2.3796184682339855e-33
157300.0 -1.7743840662438766e-33 -7.961565161795954e-34 3.3865614895005854e-33
157400.0 -1.2948012944045616e-33 -1.9988977037453934e-33 -2.646726064891809e-34
157500.0 1.638628408060051e-33 -1.6698393434464773e-33 1.3491875678842315e-33
157600.0 -1.2422522102861655e-33 1.1490651647114665e-33 3.1996669591755564e-33
157700.0 -1.2716779835682458e-33 -5.791294116494911e-34 -2.421329347576351e-33
157800.0 1.1485785449683183e-33 -1.4469674770900956e-33 -2.514520446470627e-33
157900.0 3.426992363540674e-33 -1.886920865862992e-33 -1.305797898490349e-33
158000.0 -1.229638072552471e-33 8.687376416847323e-34 4.1204371213393895e-34
158100.0 2.6777761102391547e-33 7.526852995327351e-34 -4.541825560258545e-35
158200.0 -1.0404785783348959e-33 9.397637942295317e-34 1.1992847310152118e-33
158300.0 9.112383651014539e-34 3.7519796880679457e-35 -1.564475086987727e-33
158400.0 7.826118953096377e-34 -7.675064550674111e-34 1.4982602118534598e-33
158500.0 -9.215003268265427e-34 -8.49488639044967e-34 -1.0153587602067372e-33
158600.0 1.3995077528343164e-33 -1.3184775021929968e-33 -7.846306167410508e-35
158700.0 -2.259676200454843e-34 1.3610043351663801e-34 -7.605017004496268e-34
158800.0 -2.4937940403961633e-33 -1.8366504839636344e-33 -1.439070933955359e-33
158900.0 1.0918773922303602e-33 9.39556786342416e-34 -2.7851649359765225e-33
159000.0 -2.9571165408274993e-33 1.9452553500775202e-33 1.0875175122394595e-33
159100.0 8.148936523022042e-35 -4.049322818814458e-34 -2.2737290085644283e-33
159200.0 2.5981192464359046e-34 1.4696105792639173e-33 8.365746960103155e-34
159300.0 1.8737626456867437e-33 1.5904288533340178e-33 5.907962490197355e-34
159400.0 4.3686663068940455e-34 -3.3452850336662055e-33 -3.349777747962793e-33
159500.0 -2.459983189744628e-34 1.3341129171119638e-33 -1.626648239231664e-33
159600.0 -1.8551822540612486e-33 2.486287548620846e-33 9.86970253935519e-34
159700.0 -1.386032575758872e-33 -6.834642472655892e-34 -1.544220615845386e-33
159800.0 1.5396515951595308e-33 9.668714100985707e-34 7.583632554364391e-34
159900.0 -2.1588892511767537e-33 1.0934674673792056e-34 -1.313731433018683e-33
160000.0 2.512943962093308e-33 -4.356682337434212e-34 1.093838345665923e-33
160100.0 1.572519866309369e-33 -2.434181741052535e-33 5.148572318288252e-34
160200.0 -2.3225541250069904e-33 1.6200249643577714e-33 -2.654220921203372e-34
160300.0 4.440242682700815e-34 1.260228151540181e-33 -1.4407758930022708e-34
160400.0 -6.688572975191254e-34 -1.8222805648330383e-33 1.1220906748431498e-34
160500.0 -1.4365142429869914e-33 8.921175286048058e-34 -1.991827338767653e-33
160600.0 5.412283134443681e-34 1.6500118101257698e-33 1.8333490728748253e-33
160700.0 1.4612147795999292e-33 -1.7594547599417795e-33 2.3975256211751498e-33
160800.0 -2.775275402651149e-34 1.3933436451623426e-33 -3.7615550874504938e-34
160900.0 8.143902235400022e-34 -2.0341128384916867e-34 -1.6106420312385013e-33
161000.0 -2.2294102633895097e-33 -9.72509653793295e-34 9.905908192739851e-34
161100.0 -1.0700748782237497e-33 -2.4493474429600196e-33 -3.6898480908006964e-33
161200.0 1.2185065421023896e-33 9.583956119757156e-34 4.1583411887610187e-33
161300.0 -1.5795332562927464e-34 -2.58249832754307e-33 -2.869824575994057e-33
161400.0 4.8029674520673495e-34 -1.932680427566422e-33 -6.008308484585295e-34
161500.0 2.210370520693245e-33 1.4171642499058105e-33 2.752674194380828e-33
161600.0 3.4454603060727436e-34 1.7515989283030323e-33 4.828651804380465e-33
161700.0 1.5156502838083741e-33 1.658292218665258e-33 3.3203461330721176e-33
161800.0 9.793279859922136e-34 2.1951897951634387e-33 1.0400578408910895e-33
161900.0 1.5097851560878383e-33 1.9004268387947006e-34 2.5889320555099294e-34
162000.0 -1.460018725776492e-33 -1.8752090726082316e-33 -1.4135854114879087e-33
162100.0 -6.495816645651059e-34 -8.932370809324892e-34 2.0833738462429396e-33
162200.0 2.540019291113759e-34 -4.58721896299661e-34 -1.4175826665277398e-33
162300.0 2.1390608252626815e-33 -1.0848405372542144e-33 1.3283263667731468e-33
162400.0 -8.083653736196818e-34 8.058952626996799e-34 2.3550287392371988e-33
162500.0 -2.465650690192639e-33 -9.988262656045001e-34 -2.095728682563687e-33
162600.0 -4.406798257010313e-34 3.785497169491487e-34 -9.47979706398099e-34
162700.0 1.036772354127456e-33 2.7258043379446033e-33 2.217315951756534e-33
162800.0 -1.0307610590741356e-34 -2.734283347775471e-33 -3.317514273287219e-33
162900.0 7.203721917270996e-34 -1.2812956875073586e-33 1.76650019187426e-33
163000.0 -4.281353200976035e-34 -1.7721400800076792e-33 1.196460263638095e-33
163100.0 2.2037140164633237e-33 1.7624604506583387e-33 4.447098060803407e-33
163200.0 -1.167308633971812e-33 1.2501047249183934e-33 -2.557217055529422e-33
163300.0 1.1774768334540626e-34 7.83798102123769e-34 1.9131468755800868e-33
163400.0 -6.276386931135648e-35 2.0789140897879485e-33 4.06039174404636e-34
163500.0 5.466326078556654e-34 9.210861300204901e-34 9.804671115729158e-34
163600.0 -1.0034014949667475e-33 -1.622628562092479e-33 -1.2480883388629998e-33
163700.0 1.841041472293605e-33 -3.0653579665404973e-33 8.499422069049016e-35
163800.0 7.026605290917472e-34 -5.633860585293951e-34 -2.6077332116992764e-33
163900.0 1.845867313339741e-33 -2.756044546101905e-34 -1.3881667560430733e-33
164000.0 2.2099417362155728e-33 -4.180302989470696e-34 2.945700275906889e-33
164100.0 2.8345926351452944e-33 8.494923663287725e-35 4.794132441288744e-34
164200.0 -1.1675200595986164e-33 1.0973415714344217e-33 2.001657630242796e-33
164300.0 -2.0765646056882615e-33 -1.1665937443868911e-33 -2.99446269393996e-33
164400.0 -2.1914551595590252e-33 1.247079227848779e-33 1.693392706885578e-33
164500.0 -2.4202746831880133e-34 1.3178783465351115e-33 2.8511191358601772e-33
164600.0 -8.897573782330945e-35 7.985902595862273e-34 -2.7752824345901362e-33
164700.0 1.3163705828750593e-33 -2.4761996058192816e-33 5.159991300851427e-34
164800.0 -3.974841718414698e-34 7.768378249341279e-34 1.2004114471884532e-33
164900.0 6.181116637447068e-34 7.0858025918555375e-34 3.1909425216715552e-34
165000.0 -2.4174234414592774e-33 7.0905803592712355e-34 -3.6643306853943117e-34
165100.0 -9.439014013664466e-34 1.1958534080944496e-33 -8.848048325955608e-34
165200.0 -1.469344227194243e-33 -7.44810084504288e-34 -3.466531230751322e-33
165300.0 -2.0201689974746513e-33 -1.4667005048858875e-33 2.288666577093032e-33
165400.0 -3.5330388128090912e-34 -5.7168409437504145e-34 -5.384598711824089e-34
165500.0 2.941402545588624e-33 3.905859912081361e-34 2.4503832824488913e-33
165600.0 -8.106199245061106e-34 4.956551829386826e-34 -1.5405654701785426e-33
165700.0 1.9206438860070001e-34 1.430710562246983e-33 -2.9808618172005756e-34
165800.0 -1.1102170048438048e-33 5.871662981730678e-34 3.7661657210219617e-34
165900.0 1.1034540656110725e-33 2.3531751507279006e-33 2.4285529173424275e-34
166000.0 -8.695873525533155e-34 -5.953007182001676e-34 9.69029023910005e-34
166100.0 -3.7384439740694042e-34 1.4069734445097295e-33 1.0772806074613601e-33
166200.0 1.1422651009735478e-33 3.872147154287541e-34 2.2837257843483876e-33
166300.0 2.5367912458478022e-33 5.512548668828494e-36 -1.4122171450971096e-33
166400.0 -2.962696430801905e-34 -4.8644664652931944e-36 7.750552826664972e-34
166500.0 1.6135833630326136e-33 -1.719164223291032e-33 -2.221272066625059e-34
166600.0 4.089713531305715e-34 -7.851540325076136e-34 5.523715964052683e-34
166700.0 -2.3041745237462323e-33 2.0553341944628423e-33 1.326673566158408e-33
166800.0 3.1665687421761844e-34 6.328774886846946e-34 1.9953575659700037e-33
166900.0 2.125863102672954e-35 -1.0569020235373238e-33 2.2863562533579102e-33
167000.0 -7.958533680468464e-34 -1.1508422758985005e-33 -1.277342742585907e-33
167100.0 -1.3503404470215521e-33 -1.1234585097610402e-33 -1.757440153141875e-33
167200.0 1.092959398754404e-33 1.016546215306464e-34 3.0693295608474508e-33
167300.0 3.448483457667771e-33 -9.452037668676857e-36 2.32443973546582e-33
167400.0 5.257487710862707e-34 -5.42246863210248e-34 3.166298408613856e-33
167500.0 1.1083705799804177e-33 1.5827089695496102e-33 1.934167918150911e-33
167600.0 -3.0621099419497416e-33 -3.641992386951822e-34 -1.10679929003748e-33
167700.0 -6.991806435739181e-34 1.8011313966231653e-33 -1.303313929175546e-33
167800.0 -1.6888947696731367e-33 -4.851892689323407e-34 -7.766731495596134e-34
167900.0 5.578503717300378e-34 -1.4716675386483644e-34 -3.6859273375356765e-34
168000.0 9.64679066449686e-34 -1.3680118343944276e-33 5.970839381255297e-34
168100.0 2.7611875843971848e-34 2.484284685375475e-33 -1.2370189767012406e-33
168200.0 1.9599808569591716e-33 4.388386340043295e-34 1.0453404138497642e-33
168300.0 2.5103789898163168e-33 2.5189450154604176e-34 3.329639683338916e-33
168400.0 -2.9127484997875644e-33 7.506052537056162e-34 -1.5761848005518997e-33
168500.0 -1.674070780811285e-33 1.9614880418942766e-33 6.785959588689724e-34
168600.0 2.6239450916091447e-33 7.218193753051996e-34 1.0987419716321615e-33
168700.0 -3.7682480785075846e-34 -5.374644655173337e-34 -3.2069140197348344e-33
168800.0 1.617202510283694e-33 -1.9238258383577198e-33 1.0371436006563121e-33
168900.0 1.2581465508581477e-33 -4.992071732515621e-35 2.509807554977243e-33
169000.0 -1.113590928950153e-33 4.434887247433553e-34 -4.2237885908333314e-33
169100.0 8.493393974993299e-34 2.7379688948984615e-34 -1.8270522839025558e-33
169200.0 -9.262513423043851e-34 4.997787534604487e-35 -3.3620211737418973e-33
169300.0 -1.8555603999120277e-33 -1.2985831535064283e-33 1.1910062337338582e-33
169400.0 1.872036305081547e-34 7.642968164947957e-35 1.1857511751213533e-33
169500.0 2.9875925595229904e-33 4.677835982605906e-34 8.40728183678642e-34
169600.0 -2.1653537952893135e-33 -1.4184147245782818e-33 -2.9328039615814276e-33
169700.0 -3.597253519417769e-33 -1.8255239798027977e-33 -3.557966705542102e-33
169800.0 5.04506711860676e-34 -2.4237648179487326e-33 -4.626189089261113e-33
169900.0 -3.811380118347745e-33 4.559470078684867e-34 -1.9060454927307902e-33
170000.0 -9.421471968318717e-34 5.714526889121796e-34 1.5680907137139058e-33
170100.0 9.49696001172219e-34 -1.9938809561975594e-35 2.651237365008137e-33
170200.0 -1.1494572171410741e-33 8.099149748839565e-34 -1.282105545516399e-33
170300.0 -2.8938438808475892e-33 -4.506910107772305e-34 1.0338842423754562e-33
170400.0 -3.334441734462059e-35 -1.0646507883122757e-33 6.565430905521635e-34
170500.0 2.840085453191239e-34 2.6012086299304035e-34 9.152342164577268e-34
170600.0 7.0710484432288225e-34 -1.3267892147597333e-33 -2.6587222245492627e-33
170700.0 -4.735382807497596e-34 -6.35494062922554e-34 2.1319434077611216e-33
170800.0 -6.921358471719658e-34 -2.82216978682486e-35 2.0702897145121317e-33
170900.0 -7.46381661815123e-34 2.9699069389190824e-34 -1.5665314321185616e-33
171000.0 8.736323148588116e-34 -2.3531075829629456e-33 -1.7798290473541887e-33
171100.0 -1.7683456602052234e-33 1.3182152581578497e-33 1.3624285036284605e-33
171200.0 -4.42213879244722e-34 -6.168563990444484e-34 4.5219819310750526e-34
171300.0 1.0502499895378911e-33 2.5287437028806098e-33 3.488195638456499e-34
171400.0 -1.4408978195174329e-33 1.7025537267832857e-34 -3.0717344911169826e-33
171500.0 -1.0024136098623367e-33 -3.7464247432593362e-34 -1.5645608074815009e-34
171600.0 -8.941176892751666e-34 -1.069047843912452e-33 -1.1542119205669957e-33
171700.0 -1.7929808546640238e-33 3.28663917063065e-35 4.982788668202919e-34
171800.0 -2.324528832246731e-33 8.376754416441417e-34 2.905048624777199e-33
171900.0 1.2831513443688507e-33 1.0677470321855456e-33 2.6453180480676657e-33
172000.0 9.898212449226834e-34 -1.1870317256154705e-33 6.113090207028428e-35
172100.0 2.403694508187729e-33 -5.048252226554675e-35 3.68874495208384e-33
172200.0 -1.0667337393817681e-33 8.648010343935528e-35 1.160953290089617e-33
172300.0 2.5710781962594435e-34 9.075848506066957e-34 1.4000231079983185e-33
172400.0 1.7711177985802854e-33 -1.5180330033471426e-34 2.8537983066478494e-33
172500.0 3.889437988376515e-34 3.92159843398278e-34 -2.8193117633839356e-33
172600.0 1.4189667180065078e-33 4.548030020534853e-34 1.1007896810354171e-33
172700.0 -1.5090985903200548e-33 1.8988866318709685e-33 -1.218973444597642e-33
172800.0 -4.753646924580496e-34 1.1166139712212503e-33 -1.7692357502011766e-33
172900.0 2.5756759083420523e-33 2.854656007922646e-33 1.6079856823296486e-33
173000.0 -3.285542138536531e-33 -1.413405151957167e-33 -2.912435566934432e-33
173100.0 -7.094972902431445e-36 7.30333283044786e-34 1.2013146708124706e-33
173200.0 2.413956796762517e-33 -5.404526796454097e-34 5.355545380023835e-34
173300.0 -1.5607393653919556e-33 1.7213156180375244e-33 2.859007659137713e-33
173400.0 2.835803770092328e-35 -1.8745281644303407e-33 4.887288772373443e-34
173500.0 6.094936726483779e-35 2.7877012553417776e-33 -1.874176230701728e-33
173600.0 1.86634175750815e-33 -1.8525418519431238e-33 1.7222556463806818e-33
173700.0 1.1809400443771015e-33 1.577196470201178e-33 1.9108352487649414e-33
173800.0 -1.3345358933093889e-33 -4.765632932880826e-34 -7.101745249139642e-34
173900.0 5.98924841124325e-34 8.817936153430064e-34 3.0600911423261084e-33
174000.0 2.339695514279222e-34 -1.5396643658314273e-33 -1.7208969377437082e-33
174100.0 -1.779872743957193e-33 3.4365944641011067e-34 -2.937254374343681e-33
174200.0 1.9024400754819687e-34 5.957028967362399e-34 2.102086299799123e-33
174300.0 -6.0821057443194295e-34 -2.4952269751618062e-33 -3.7257955804203546e-33
174400.0 2.212923211879596e-33 -1.8338450837811794e-33 5.935096678426073e-34
174500.0 -4.251778132559876e-33 -3.062035822640593e-34 -2.2223328873682593e-33
174600.0 3.754523238075826e-33 8.548703212960451e-34 4.7723159633596755e-33
174700.0 -1.6100841549809786e-33 -5.402509174482324e-34 -1.725430594998271e-33
174800.0 -1.1113694617807153e-33 -2.6057712087087086e-33 -6.232152558397446e-34
174900.0 2.9465726998964764e-33 2.0190995345495036e-33 1.2776702966126419e-33
175000.0 3.495013754568513e-34 1.1158265967101686e-33 2.6429866041456732e-34
175100.0 2.362396377756757e-33 -5.5699467281518556e-34 2.753518580297873e-33
175200.0 2.5772689959416916e-33 -1.400179825546839e-33 -3.903227554827729e-34
175300.0 1.3740282644095097e-33 9.517420469641464e-35 1.5209637259381784e-33
175400.0 -1.8057480788201277e-33 -1.1524926637670022e-34 7.338990855275069e-34
175500.0 5.31209208662848e-34 1.6713273804471157e-33 -2.1819168751810552e-33
175600.0 -3.452172692558145e-34 -2.964682915116501e-33 -1.7328079265055707e-33
175700.0 -2.7937091707101574e-33 -3.0794071339389865e-34 -3.247869994944549e-33
175800.0 5.433380715582564e-34 1.0284938819696728e-33 2.5344579386575056e-33
175900.0 1.5302598611994396e-33 -4.68963991767779e-34 4.276563271613198e-33
176000.0 3.0202369174811894e-33 -8.104292360740928e-34 -1.1167699698883153e-34
176100.0 -1.7461475821373754e-33 -1.786346987709327e-33 -2.749333071173055e-33
176200.0 2.9398159023871985e-33 7.840313076014518e-35 2.5399823882310126e-33
176300.0 3.319747900406999e-34 -8.723568095098634e-34 -1.3517966785535881e-33
176400.0 5.435738709059417e-34 1.8074461987964234e-33 3.244329288203304e-33
176500.0 5.04278075222235e-34 6.3722083294430165e-34 2.6871077012028914e-33
176600.0 2.702327568003887e-33 3.051211845196378e-34 1.827360542725416e-33
176700.0 -1.204224122886211e-33 5.887106991667975e-34 1.1913120731883298e-33
176800.0 -4.67583052543194e-34 -5.472411928978106e-34 2.594723626791435e-33
176900.0 1.3269182857400447e-33 1.6267631668493717e-33 4.358290737380335e-33
177000.0 1.482347882831129e-34 1.0492070784727584e-33 -3.3663082612071944e-35
177100.0 -6.244891894512044e-34 -2.3366678068062723e-34 -1.1830082469373545e-33
177200.0 -1.6184918514840167e-33 -1.8413452433193727e-33 -3.996954434744034e-33
177300.0 -3.7011120849900278e-34 8.696754655200259e-34 -1.741539157841424e-33
177400.0 2.579585089088328e-34 -7.142213430605601e-34 4.98226772046024e-34
177500.0 5.55509843796917e-34 -3.562706489015981e-34 -2.3137393724631267e-33
177600.0 -5.305685312423326e-34 -6.161066610951142e-34 -2.1451094581129915e-33
177700.0 -2.587595558984202e-33 2.8717681439586937e-33 -3.5722032511172305e-34
177800.0 2.995466602640403e-34 -7.535555060807118e-35 -2.1996353370316665e-33
177900.0 -1.6087360195179453e-33 7.829479330814754e-34 2.1642926595190545e-33
178000.0 1.0832178071561613e-33 -2.836750065250872e-33 2.177564650803773e-33
178100.0 3.136303521443548e-33 2.7271867420382372e-33 2.1042164085775356e-33
178200.0 9.93113154096424e-34 3.836216594940579e-34 3.5378846897942186e-33
178300.0 1.9720619035092312e-33 9.366533702523712e-34 -2.050974293450627e-33
178400.0 4.272243714483949e-34 2.3121094858587964e-33 -3.5458595490967185e-34
178500.0 -1.6285095493041787e-33 -9.571003361371507e-34 -3.33443103946123e-33
178600.0 1.3073986567361075e-33 -1.1149073983592159e-34 -6.108611849749592e-36
178700.0 1.1870911733881545e-33 2.604639606709617e-34 2.0262618437312678e-33
178800.0 2.5533557346729507e-33 2.879450924109245e-33 3.553180210811249e-33
178900.0 -3.293106928965068e-33 -5.648846515311056e-34 6.06429208473951e-34
179000.0 1.7511104122090572e-33 1.743614628282606e-33 3.2175241041789335e-33
179100.0 -1.0056254612797664e-34 -2.0960330146455497e-34 -5.726434314451785e-34
179200.0 -1.6805997683302158e-33 1.586117066590546e-33 1.5779841798122696e-33
179300.0 2.796334925672831e-34 -1.3645106008049091e-33 1.543852871275693e-33
179400.0 1.0939779656895044e-33 2.2595722066801714e-34 3.39039045609256e-33
179500.0 2.9386907991107744e-35 -8.826806721419765e-34 9.503102695860295e-36
179600.0 1.3330980738389424e-33 1.3548555840026454e-33 2.8605679816040926e-34
179700.0 1.0234393678252467e-33 -1.306492772274982e-33 2.184819000128989e-33
179800.0 1.292404381482862e-33 1.1322521108802342e-33 9.682120427575252e-34
179900.0 3.532895652061377e-33 1.284399487516035e-33 4.337436225821889e-33
180000.0 2.3764888103516845e-33 -4.227733852793573e-34 -2.0238067314548363e-34
180100.0 -3.5702169568586654e-34 2.2720729358124927e-33 2.722301067995321e-33
180200.0 1.5542264163377057e-33 -2.4966904645616647e-34 9.976128894853472e-34
180300.0 4.6874321087599405e-34 9.25067483472395e-34 1.329776828583404e-33
180400.0 -1.1389933371552209e-33 2.198500774034959e-34 -1.1208603357084165e-33
180500.0 -6.80552742881534e-34 -1.6046396766035583e-33 -3.5023097534032085e-33
180600.0 1.4460654508149622e-33 3.260053257029531e-33 2.505853647107648e-33
180700.0 -5.47765858382592e-34 -1.2821939807820599e-33 -9.211871912091182e-34
180800.0 1.7144809242202993e-34 -4.7427678962160815e-34 -1.122353580959572e-34
180900.0 -1.6641438933257226e-33 6.615425857161123e-34 5.454807854421931e-34
181000.0 1.1516772499198603e-33 1.1467669248194308e-34 -4.05525207987075e-34
181100.0 -1.5045151563704188e-34 -6.890403092084303e-34 -1.4318635170466066e-33
181200.0 3.5117751062676685e-34 1.882111331202948e-33 1.0711871752466465e-33
181300.0 1.0623020212753375e-34 1.459272106720489e-33 -2.0274644181057555e-33
181400.0 -9.613127697123943e-34 1.495041661483303e-33 2.0089616601532046e-33
181500.0 6.4653465655075036e-34 2.670864537963555e-34 7.1178177890187566e-34
181600.0 1.4049199015860193e-33 -9.443075381644043e-34 3.0459752994915443e-34
181700.0 2.4077365103436175e-33 1.405196180803809e-33 2.3132629048264535e-33
181800.0 -2.3379146465715637e-33 -1.5120096586634395e-33 -2.134099365687303e-33
181900.0 6.013665300890907e-35 -2.610386847556398e-33 -1.6118627499817422e-33
182000.0 -6.850188574799773e-34 -3.776632801049964e-35 1.824884737706345e-33
182100.0 2.558418701375344e-33 7.763333913513576e-34 2.4400836350626248e-33
182200.0 1.541579977021012e-33 -2.3736528816466184e-34 -2.3311256946965696e-33
182300.0 2.3238339390500536e-33 -4.853177269634855e-34 1.7368414781139606e-33
182400.0 -2.3731743465376715e-33 -7.836253608409513e-34 -1.3035184649168128e-33
182500.0 -8.430642099488905e-34 -8.875771167817627e-34 1.9084645477664694e-34
182600.0 -1.5354498804503347e-33 -1.5009673562782414e-33 -2.6192527523195163e-33
182700.0 -7.687199267250395e-34 -3.6884405429898604e-34 1.7831665027004568e-33
182800.0 -2.2534820610533156e-33 5.484854911865532e-34 -5.401489151881048e-34
182900.0 -1.993331899892635e-33 -2.792693430525013e-33 -2.6657022880512496e-33
183000.0 -9.128400085632106e-34 -1.4026469843503704e-33 -1.3740430236762974e-33
183100.0 9.214971080890775e-34 2.934601498243003e-33 1.1763261185249523e-33
183200.0 4.730006207952219e-34 -1.967143611067924e-33 8.579404652777236e-34
183300.0 -1.7749456585753108e-33 1.304990066535537e-35 8.977971929927719e-34
183400.0 -7.68141435935581e-34 -1.8228957534774759e-34 6.447161677947165e-34
183500.0 1.6558055743667916e-33 1.7923519887550533e-33 9.049049239059332e-34
183600.0 -3.4792419965065744e-34 1.575548589489129e-33 1.470615308650711e-33
183700.0 -1.180193259754522e-33 4.616760603876832e-34 -2.243076205404338e-33
183800.0 -1.6714240186351334e-33 -3.944857890785341e-34 -2.305847947637903e-33
183900.0 -5.370972192002217e-35 2.0768232696901913e-33 -1.2290738973782801e-33
184000.0 1.1993892304860645e-33 -7.927647388677455e-34 -1.137715220819613e-33
184100.0 1.5952696802377383e-33 -1.776143522295118e-33 6.359443708257867e-34
184200.0 -6.030552345151895e-34 -7.056659931064238e-34 -3.192106737697364e-33
184300.0 1.7305694313887917e-34 -2.8251339982880194e-34 -1.567915474328659e-33
184400.0 -3.870797509654572e-34 1.3263319288080988e-33 -1.235165371783707e-34
184500.0 2.621865902038351e-34 -2.0309446401861297e-34 3.337190765212889e-33
184600.0 -4.6177828509132015e-34 1.9369752584663388e-33 -1.0259319945980665e-33
184700.0 6.300355703429451e-34 -1.1290129750807895e-33 2.0273879412634575e-33
184800.0 -2.7783413672199792e-33 -1.3003536094032625e-33 8.345423287178737e-34
184900.0 -9.245309345771046e-34 2.35773115536568e-34 -2.6564953410333932e-33
185000.0 -1.2053676140008734e-33 -7.660932509251026e-34 -1.4721926322118329e-33
185100.0 6.392587447945777e-34 1.152450071220207e-33 4.27946650990515e-33
185200.0 -6.255422542528247e-34 1.8633746469975325e-33 2.1956649195850347e-33
185300.0 -7.859600546538283e-34 -1.1018868735575713e-34 -2.2030518205475973e-33
185400.0 -1.4030613485421568e-33 1.3495218947878715e-33 -2.1168667961220126e-33
185500.0 1.8288341745987784e-33 -2.660144548914853e-33 -2.780384020114907e-34
185600.0 -8.55511200329107e-34 -1.6705897820479208e-33 -3.701235268552189e-33
185700.0 1.766748975568791e-33 2.510165874366476e-33 -6.030282378785009e-34
185800.0 1.2857615078456703e-33 -3.1345277495891504e-34 -1.6596726570933245e-33
185900.0 -1.138001155630982e-33 1.0916747310244687e-33 -2.1848054215907327e-33
186000.0 1.6099319567858724e-33 8.964507502100085e-34 -3.8193377460125626e-35
186100.0 2.3067720420024797e-33 -4.847108203090139e-34 1.077612274420626e-33
186200.0 1.7664370087180983e-34 1.1101652233646215e-34 -2.2291878497039598e-33
186300.0 -2.1780810274470217e-33 6.11702710686479e-36 -4.228122210214651e-33
186400.0 -1.3204891108959201e-33 -2.7929863635827232e-33 -1.1310316914605784e-33
186500.0 2.23405125197682e-33 -8.757920303645379e-34 7.717582402182432e-34
186600.0 -1.2213957836691372e-33 3.197932314848045e-34 -2.2024550565155547e-33
186700.0 9.602819260017003e-34 4.993222503353233e-34 -1.5723816972667885e-33
186800.0 -1.4870631617223623e-33 -1.1723434961509283e-33 -2.783173215380694e-33
186900.0 2.3189584061893284e-33 -1.1694600057799833e-33 2.467025259395692e-33
187000.0 -2.315680913720384e-33 -8.663864087027796e-34 2.5939879312031358e-33
187100.0 8.74185072877203e-34 1.5856258626789005e-33 3.4885288299142614e-33
187200.0 9.245990090425564e-34 -2.179879733966651e-33 -5.562380026244354e-34
187300.0 8.171352586209514e-34 7.828914601572172e-34 2.2346308824884204e-33
187400.0 -1.0121884984502837e-33 3.1812400394939583e-34 1.8458883324621953e-34
187500.0 5.20273000077892e-34 2.562221568414971e-33 -3.8698102429597166e-35
187600.0 1.0776511987021706e-33 1.3582980782160194e-33 2.242621601494296e-34
187700.0 1.6837766894961633e-33 4.82891719048667e-35 1.2631483181443606e-33
187800.0 2.1125929120880672e-33 -3.0176591602796347e-34 2.460593144770509e-33
187900.0 8.465948596767042e-35 -1.1588318054538285e-33 2.812288308017145e-33
188000.0 2.0146137720578622e-33 2.6475955922443383e-35 1.510443135041859e-33
188100.0 -7.908263089983652e-34 1.5848962003498876e-33 -2.836557719627537e-33
188200.0 -2.0845124915739124e-33 3.9643842638985254e-34 -1.0842069439654776e-33
188300.0 -3.614049641979927e-33 -3.0080554999320204e-33 -2.6988379532189465e-34
188400.0 2.9604151341607905e-34 -1.0356428492818702e-33 -2.6904649647427557e-34
188500.0 -3.747260016032693e-34 1.8101570567188036e-33 -8.32788046841252e-34
188600.0 -2.5635077840123976e-34 -3.685732640516409e-33 5.958551073775336e-34
188700.0 -1.9331579298936115e-33 1.4230799582541157e-34 -1.2918452173132601e-33
188800.0 3.936428126975242e-33 1.1482376489166601e-33 1.3644488566219477e-33
188900.0 -9.877990991958821e-34 3.6300583892479814e-34 2.1402491257338053e-33
189000.0 1.0268697158324095e-33 6.776039752711297e-34 -3.553944148380993e-33
189100.0 1.4327647866590715e-33 9.519488485520758e-34 1.5386967286381243e-33
189200.0 2.0748003315418686e-34 -1.5179019259246776e-33 2.0878196331241358e-33
189300.0 -3.0663223510521387e-34 -1.1597086086462502e-33 -2.4137616264096567e-33
189400.0 -7.797301235675919e-34 1.5101154248745766e-33 -1.628238830962034e-33
189500.0 3.9375840623328846e-33 -4.437822155647033e-34 2.057601387308393e-33
189600.0 1.341987476426079e-33 -2.3123985127034706e-33 1.779725570366567e-33
189700.0 -1.8004598354498433e-33 -1.3034118046567456e-34 -3.701550108879585e-33
189800.0 -1.839197887886206e-33 2.4145563147339576e-34 2.5308480237899517e-34
189900.0 3.1518386689599782e-34 -1.2384931835742121e-33 -2.6725257217357427e-33
190000.0 -1.2788509051128042e-33 -3.4182241936252213e-34 -4.6363471118111305e-34
190100.0 -1.177588203326943e-33 -6.41512450283189e-34 -7.925293873202233e-34
190200.0 -2.5169981254708786e-34 -4.7870743106551525e-34 5.076684431139867e-35
190300.0 2.128309440797652e-33 4.907263317874237e-34 9.456982573507514e-34
190400.0 -3.218522950332576e-34 3.0639358361091556e-34 1.3903451145154689e-33
190500.0 -1.652023266523166e-33 -2.6678102964721735e-34 -1.241470730592106e-33
190600.0 2.6324667600613054e-34 -6.386507783234485e-34 -5.111129848448837e-35
190700.0 1.3555332300894076e-33 -4.197751475634501e-34 2.1494407018562924e-33
190800.0 -2.3263795118146547e-33 3.1601070311504602e-34 -1.2830230020940859e-33
190900.0 6.687709484361439e-34 -1.0931176414269666e-33 -1.1418063553135975e-33
191000.0 4.632871826515296e-34 6.787704245650363e-34 -1.8878728901908235e-33
191100.0 5.585388069478169e-35 -1.629373840871726e-33 2.0942051127720474e-33
191200.0 -1.771769906680862e-33 -4.776172114195715e-33 -3.371103855944224e-33
191300.0 -4.626455953790319e-34 1.7610014968467962e-33 1.3425133994943405e-33
191400.0 1.939800416843133e-33 9.528487254169761e-34 2.890489642784963e-33
191500.0 -1.8501298500745916e-33 -2.701777579403036e-34 -2.6561386930034304e-33
191600.0 4.856225932108851e-34 8.230475615766371e-34 -1.3255189116136689e-33
191700.0 2.5515330062557725e-33 -3.088161604051679e-33 1.408278599694166e-33
191800.0 1.201161472179386e-33 -4.7188775064908675e-34 1.626601461883295e-35
191900.0 7.962589253670331e-36 6.401514260185997e-34 -2.9879236664206202e-33
192000.0 1.1855411750277357e-33 3.2384537465210244e-33 2.0957369246127293e-33
192100.0 -1.4294848597081301e-33 -1.0420363457034442e-33 -8.297473276643972e-34
192200.0 7.7906054160002e-34 1.767584657962096e-33 -1.3379854873127405e-34
192300.0 2.4821251803549403e-33 -5.860584513786854e-35 3.3640152487139784e-33
192400.0 1.7877751623727519e-35 1.3268674794324164e-33 -2.14709476137958e-33
192500.0 1.3384944014352685e-33 -3.5332740424399294e-33 -1.6959612964159302e-34
192600.0 -3.747923407437095e-34 -2.348078479602665e-33 9.8402701097544e-34
192700.0 -4.839511334009317e-34 2.0331198048134887e-33 -6.975663280975943e-34
192800.0 -8.847660905032976e-34 4.018373444672864e-35 -2.450339248111819e-34
192900.0 -3.2699513527215985e-33 9.72795787229354e-34 -1.7553281349158344e-33
193000.0 -1.85111468886313e-33 1.4019921989006393e-33 2.7601127467316027e-34
193100.0 2.8050215986496022e-33 -2.1592170554445662e-33 -2.3585489888033856e-33
193200.0 3.542117846404732e-33 -8.50139148627186e-34 2.956696777744339e-33
193300.0 1.832517218683975e-33 3.953371438755371e-34 6.285857070386168e-34
193400.0 -7.354839222161559e-35 -2.572270863257203e-33 -1.2205771815415301e-33
193500.0 2.3148633971039678e-34 2.2870082360602986e-33 2.586068406642644e-33
193600.0 2.2012721344066874e-33 -1.1683546522131954e-33 8.901298772994903e-34
193700.0 1.7272925582917468e-33 1.2477821904014446e-33 2.22718570975223e-34
193800.0 -2.326437424039474e-34 1.1806659831556417e-34 -2.4016068292899057e-33
193900.0 2.0137985685906376e-33 1.689176839443635e-33 4.229026024725702e-34
194000.0 -3.1332228319739516e-34 1.7178684580243086e-33 4.790154988721275e-34
194100.0 -2.0977109010410608e-33 1.5706135450602676e-33 -4.260907946446319e-34
194200.0 -2.740163855923848e-33 -1.577933781487263e-33 -1.7464850861996612e-33
194300.0 5.305034719385791e-34 1.1027214832509702e-33 -2.9632276659206727e-33
194400.0 6.910344074050431e-34 1.8851099565486885e-33 9.979114025937422e-34
194500.0 7.075895163911874e-34 2.278918570745964e-33 -5.520296191346073e-34
194600.0 -8.238546114235836e-34 -1.1370672505625155e-34 -3.824462488504891e-34
194700.0 -2.1206102139385605e-33 2.6161353148517077e-33 -2.1466291755149325e-33
194800.0 -1.0533227804702051e-33 3.267220898822173e-33 -1.9027553927755123e-33
194900.0 7.439439706305416e-34 -1.1459188622125099e-33 2.4697578349150244e-33
195000.0 3.189569208353856e-33 1.0256028671749274e-33 6.595438731877007e-34
195100.0 -1.545731575890687e-35 1.2452266214216693e-33 -1.8137124661045294e-33
195200.0 -8.148322366192063e-34 4.0766378438392504e-34 -6.132885070953385e-35
195300.0 9.756704935343649e-35 -3.117554443209922e-33 -9.279401968942207e-34
195400.0 -2.6185801808244955e-33 -1.1693164675561857e-33 -1.704485374844007e-33
195500.0 -2.1519789805760956e-33 5.9014588753200855e-34 -1.1526729470018054e-34
195600.0 1.8457109509273898e-33 1.3074341702701459e-33 2.787505516101048e-34
195700.0 1.0380260600429317e-33 -5.848109119787776e-34 -1.3259717264070503e-33
195800.0 -1.2923358261590242e-33 2.0255983282721404e-33 1.3574217159051386e-33
195900.0 1.1198696912223856e-33 2.65959475893983e-33 4.8510770216422605e-34
196000.0 -1.4225205069061839e-33 9.320453689438185e-34 3.415471951312659e-34
196100.0 -5.205805857883236e-35 -8.68112111983337e-34 1.5255896215537769e-33
196200.0 -2.1691783432378612e-33 -6.8978086914546e-34 -9.466829996779566e-34
196300.0 7.739204150794239e-35 3.609960954734618e-33 1.3704924954527912e-34
196400.0 5.141508834732623e-34 1.592043905307138e-33 1.0300241004691978e-33
196500.0 2.270904688222633e-33 -7.687788681110497e-34 -4.218778884238512e-34
196600.0 5.819868774638421e-34 -7.413374326468651e-34 -8.602458529224455e-34
196700.0 -9.473474280713371e-34 1.895666787048016e-33 -3.4424878357795077e-34
196800.0 -3.59047399462709e-33 -6.787528851379662e-34 -2.956058239741256e-33
196900.0 -1.8614851866093528e-33 1.019201551634762e-34 -3.610428818297227e-33
197000.0 -1.4124990502392176e-34 2.393851178482584e-33 -1.887491592419555e-33
197100.0 1.6417551074634284e-34 8.616779576422821e-34 -1.4804179049352557e-33
197200.0 -2.6910437080864655e-34 1.5054779393238514e-34 -3.0286930905841942e-33
197300.0 3.3707705506776964e-34 1.2344703704536558e-33 -1.2855957644812386e-33
197400.0 8.461930416749833e-34 -2.099651783371874e-34 -2.439335695863317e-33
197500.0 -2.7255839796217566e-34 -1.2304583013268483e-33 -3.54581848558277e-33
197600.0 6.570771333972851e-34 -1.1687505617761328e-33 -2.625993965283589e-33
197700.0 2.4632991965178412e-33 1.5323114568263447e-33 5.375140967935722e-34
197800.0 -8.217026700096152e-35 -2.788815376595478e-33 -5.453732385449946e-34
197900.0 -1.2831905755906167e-33 -8.541632278954026e-34 4.220862740314297e-34
198000.0 1.8620574579072858e-33 1.4165386200716763e-33 3.5970310344520068e-34
198100.0 4.6531961188896705e-34 2.1679715050919427e-34 -2.5266474320252362e-33
198200.0 1.6433372299428382e-33 -2.0872169042049036e-33 1.9163617579797992e-33
198300.0 6.314629003697561e-34 -2.137700742701503e-33 -1.4515791421035753e-33
198400.0 1.8858327573147487e-33 -2.758201191146212e-33 2.7786009196308056e-33
198500.0 3.843737065484139e-33 6.088741859200591e-34 2.217399686900923e-33
198600.0 -1.465954448260142e-33 1.2037331846268325e-34 -4.157872701771747e-33
198700.0 1.1308813281945657e-33 7.859478353103884e-34 -3.521385685024964e-34
198800.0 2.9858889440564093e-33 2.0062681005302915e-33 1.4443063529853118e-33
198900.0 1.506562228073432e-33 6.0488094841040195e-34 -1.982414095303082e-33
199000.0 1.0621009245718547e-33 -1.647570758867788e-33 2.8653886954613575e-33
199100.0 -1.377582569258035e-33 7.10710203314784e-34 -2.234767099425426e-34
199200.0 -1.0853608724438932e-33 3.9065526389725e-35 -2.0884248308282525e-33
199300.0 -1.6476534399588091e-34 -1.889504893807497e-33 7.040832079014598e-34
199400.0 -1.4900139886223995e-33 1.3061685513644905e-33 1.2470366414167203e-33
199500.0 -9.379866665918895e-34 -1.131652757314837e-33 1.7074107849006017e-33
199600.0 -1.194013440782817e-33 1.0548480239329617e-33 -3.001274555833705e-33
199700.0 -2.08724000726036e-33 7.798112550970083e-35 -3.5542873505820794e-33
199800.0 1.9003835808103265e-33 2.1759042236868668e-33 9.553528797823862e-34
199900.0 -2.3125528787048998e-33 4.254965800485343e-34 -7.564967345257452e-34
200000.0 -2.052870810808214e-33 4.884807599954959e-34 -1.2721569281510324e-34
200100.0 -3.5692880069241044e-34 1.2472259002760543e-34 1.561232820656621e-33
200200.0 -2.424804047785766e-33 4.597873366506041e-34 3.6218873819728625e-33
200300.0 -6.75740062849232e-34 1.8477284220150458e-33 2.8919096775982476e-33
200400.0 -3.5126345363363175e-33 -1.6193866919104992e-33 -2.1881509842054774e-34
200500.0 -2.0118052039053298e-33 1.7974633351762357e-33 3.140177183826093e-34
200600.0 -7.559169183317905e-34 2.365874777818456e-33 2.1533611586964394e-33
200700.0 6.512453450617988e-34 1.6116672273947515e-33 2.2508956137035326e-33
200800.0 -9.251705411774457e-35 -2.0021786483203094e-34 4.1276703430474275e-33
200900.0 -7.372603297518102e-34 -5.1761703939846375e-34 -2.6047841013558966e-33
201000.0 2.6271423612402282e-33 -2.501818658851983e-33 2.760818183872799e-33
201100.0 -3.6399275454412418e-34 1.9488311811607944e-33 2.1820679154859124e-34
201200.0 2.154327794755083e-33 1.6214472563890364e-33 9.822514236377738e-34
201300.0 -1.687643455972818e-33 9.088643496993392e-34 -1.018593935110265e-33
201400.0 2.441440538023015e-33 1.2683358944711418e-33 2.7651024386931015e-33
201500.0 2.334954769035305e-33 1.2611835582582712e-33 1.757532119632464e-33
201600.0 -2.2287505400412305e-33 1.955473371372128e-34 -3.868608761664954e-33
201700.0 -6.619114497250169e-34 -2.029895395001227e-33 -2.245460246427853e-33
201800.0 8.33407996993139e-34 9.70124445259137e-34 1.6802157512154362e-33
201900.0 -2.4479039229468646e-33 2.3638313952164118e-33 1.0869425923862648e-33
202000.0 -5.13823187058717e-34 -2.307292285039291e-33 2.7051169209533478e-33
202100.0 -1.4011292187801039e-33 3.768341398923339e-34 -1.2750241053492351e-33
202200.0 1.042985899838124e-33 2.4100159783357798e-33 1.5267394086603625e-33
202300.0 -1.4470258217974743e-33 -8.240334537184582e-34 1.3633407287861035e-33
202400.0 1.2598349762291012e-33 -6.425398483263099e-35 -2.7220538284829427e-33
202500.0 -2.301017546541512e-33 1.6153487806168957e-33 -1.6688098451718275e-33
202600.0 -8.441599486483947e-34 -7.290501823901513e-34 -5.296006448559961e-34
202700.0 -5.801092774746258e-34 7.359525766889125e-35 -1.6539533821427565e-34
202800.0 1.9648529280015117e-33 -8.777618750496944e-34 -6.9255649770127415e-34
202900.0 2.8260013640259207e-34 -3.3612073987948596e-34 -2.2842095236004798e-33
203000.0 1.5097073346311929e-33 4.3254171883634405e-34 2.1330898948261936e-33
203100.0 8.752005513569896e-34 1.385732776657286e-33 3.209182564850872e-33
203200.0 1.5747014588151602e-33 1.6019554674141102e-33 3.4430774404428324e-33
203300.0 -3.415794703091633e-35 1.0202331631927345e-33 8.202197384140292e-34
203400.0 -1.0647728605598249e-33 -6.597590071737008e-34 9.68301448124728e-34
203500.0 -1.3973696394889374e-33 -1.2187953075517231e-33 -3.1595477885235625e-33
203600.0 2.6730339067245385e-33 2.11431749306345e-34 2.8817402478726883e-33
203700.0 -9.861489698887165e-35 -1.5461230955385638e-33 -3.681959880863312e-33
203800.0 2.8419016286415442e-33 1.7193358439708595e-33 1.7859257021738933e-33
203900.0 4.484434051941813e-34 3.088378311892644e-34 1.7752697348863538e-34
204000.0 -7.926187084976398e-34 -4.878307428546593e-34 -1.3979174227607138e-33
204100.0 3.8443235829308394e-33 2.3763727593178726e-33 1.8045609972572603e-33
204200.0 -1.0997063205046605e-33 5.682041225326768e-34 -1.0627385228875381e-33
204300.0 2.7665710523499035e-34 1.248644573505871e-33 1.7729635935694738e-33
204400.0 -2.3771772577190617e-33 -6.71837731100167e-34 -1.161975181588483e-33
204500.0 2.8852808210882508e-33 1.2951495775987832e-33 9.609330483289272e-34
204600.0 -1.4585009274080148e-33 7.805060007318124e-34 -1.6555968469210145e-33
204700.0 1.2949396289091113e-33 6.86714128758409e-34 -1.6279059088499253e-33
204800.0 -8.782073960789114e-34 -6.83472304760813e-34 -3.092903280457928e-33
204900.0 -1.1191581522330983e-33 -9.714431864344047e-34 -4.197599008411952e-34
205000.0 -4.386524207527233e-34 1.3466202593207498e-34 6.17102800529203e-34
205100.0 -1.5754268765459557e-33 -1.223371390080694e-33 -2.0599780869757724e-34
205200.0 -2.560407876231864e-33 3.152380646614661e-33 2.634305764423029e-34
205300.0 -3.5243325072736713e-34 -1.4145366835488559e-34 -1.6696815645399944e-33
205400.0 -2.5111610174113076e-33 -2.1206798187973753e-33 -2.588491447686168e-33
205500.0 4.970005648888101e-34 1.6476402208595446e-33 -1.0165529461280085e-33
205600.0 1.4628095812360024e-33 -9.583379559595458e-35 -1.5476924039448538e-33
205700.0 -7.6564648636171e-34 -1.778557404451446e-33 4.0821691847044235e-33
205800.0 8.694005702966982e-34 9.74976029478152e-34 3.357623938333509e-33
205900.0 8.885756394193005e-34 -6.859833171124685e-34 8.234601263319708e-34
206000.0 1.8395784107384648e-33 1.860106617982238e-33 2.7323520559803983e-33
206100.0 5.093091713326248e-34 -6.404417416055557e-34 1.748071475555807e-33
206200.0 -1.3552714762230401e-33 -7.746710686842244e-34 -4.201573668228003e-33
206300.0 -1.8176171581356606e-34 -4.164601392359775e-34 -1.2992427036082727e-33
206400.0 -2.1035008370454096e-33 -7.962259693432866e-34 -1.3531518025304161e-33
206500.0 -3.258950905079226e-33 -1.1307933654305763e-33 -1.7134957543096486e-33
206600.0 8.484729853693565e-34 -1.5929622749924208e-33 2.094207050770272e-33
206700.0 -1.3959873729886711e-33 -1.4072493417959852e-33 1.2034367866629783e-33
206800.0 2.7673394949037356e-33 -1.4234952364766548e-34 -3.0482452812976954e-34
206900.0 -2.362084392040424e-34 -2.092652152509672e-33 -4.1729144517084745e-34
207000.0 6.535821368601036e-34 -2.1113127405556505e-33 -1.373971823648355e-33
207100.0 -1.0902437761439826e-33 2.2448945935449143e-33 -1.358691074486369e-33
207200.0 -2.0771091441842367e-33 -7.892031876892084e-34 9.076476751063666e-34
207300.0 1.2759490073177696e-33 2.641844988574274e-35 5.793538038098146e-33
207400.0 1.5163459838059803e-34 9.667377554078216e-34 -1.8782760212359625e-33
207500.0 -9.064571602484404e-34 5.311543493631012e-34 6.836519069440822e-34
207600.0 7.747696349779454e-34 -2.385228200843312e-34 -8.542780416728363e-35
207700.0 1.3968324330365359e-33 -5.583611977679665e-34 -9.2128780887436e-34
207800.0 2.372945315011672e-33 1.1746798450026095e-33 1.4486981506952255e-33
207900.0 -9.878341639185901e-34 -4.631924835976993e-34 -1.9325171453320103e-33
208000.0 9.968840021145084e-34 9.925130443652004e-34 -4.194254562668652e-33
208100.0 -2.5615804721321298e-33 4.4156047624412905e-34 -5.3373179562139405e-34
208200.0 -9.543846043850874e-34 1.1445024808242458e-33 -2.4645789401005133e-33
208300.0 1.2010529461660258e-33 4.7035531703221496e-33 1.2051140188995156e-33
208400.0 2.5759234427819244e-33 2.2263963014549843e-33 6.268286498806491e-34
208500.0 1.1175361798532317e-33 -1.0800743071207922e-33 -1.629919915500162e-34
208600.0 -6.211067693495714e-34 3.7028809209063618e-34 -7.648280976224898e-34
208700.0 -1.5738356014599525e-33 -4.9114678296800975e-34 -3.182573080783266e-33
208800.0 -1.7412426543796736e-33 -8.488812397386632e-34 -5.847877760188034e-33
208900.0 -5.740402633716183e-34 -8.229676466214209e-34 -9.277513796814191e-34
209000.0 3.160164181332753e-34 3.158318485946677e-33 2.955557968254659e-35
209100.0 -2.5823101725347017e-33 1.7874451134745213e-34 -2.1925869399986646e-33
209200.0 -2.096614197317503e-33 4.998092805488227e-34 -2.072455370127374e-33
209300.0 -3.810602908860942e-33 -2.1619900506670987e-33 2.585529170455683e-35
209400.0 1.2237027192500493e-33 -4.404636364064193e-34 7.693852406656756e-35
209500.0 -2.4110537652225365e-33 8.399474749377337e-35 -1.0187066358141508e-33
209600.0 3.164163530504601e-33 2.8660171637547717e-34 3.6664867523431114e-33
209700.0 -9.362871328521679e-34 -1.6671781096438778e-33 -2.6190623659169276e-34
209800.0 -7.82783892378754e-34 -9.765903721408003e-34 -2.6560320910325862e-33
209900.0 -2.1884536055808272e-33 2.8891418650793968e-33 6.760605769822484e-34
210000.0 2.1704375316409792e-33 1.8795748221466184e-33 8.557427520159031e-34
210100.0 -6.524648204615999e-34 6.429013601813034e-34 -3.8223961298563088e-34
210200.0 1.3196285106215918e-33 2.1728117242061766e-35 3.22574203831e-33
210300.0 1.1676688589708865e-33 5.790395895092389e-34 -6.052012298214562e-34
210400.0 1.4096605558989921e-33 9.278301621265623e-36 -6.2872278471242685e-34
210500.0 1.2697741792828242e-33 -1.1964318405952214e-34 2.1458615865144435e-34
210600.0 -8.616260213339997e-34 -2.5012299538556115e-34 -1.2945182788149834e-33
210700.0 -3.9676015156302094e-33 -1.8763414947650443e-33 -4.068290383250754e-33
210800.0 8.25017703053711e-34 8.304498891689893e-34 2.2801490370569596e-34
210900.0 -2.7983615654035432e-33 -1.442685673235844e-33 -1.9768005078153973e-33
211000.0 1.7935173964090995e-33 2.001838231605736e-33 1.4001105717717488e-34
211100.0 -1.526064304764514e-33 1.626592975760915e-33 -1.738293361725079e-33
211200.0 -1.4519415769572849e-33 5.489607958483345e-34 -1.0794181350609426e-33
211300.0 -2.3722076047745115e-33 -5.208571543341763e-35 7.852619482205678e-34
211400.0 1.0618710042429978e-33 -1.507646255824897e-33 -6.302806914493184e-35
211500.0 8.692334321698427e-34 1.6745197568279755e-34 1.3254874354220597e-33
211600.0 1.7041418525461238e-33 2.2484599520298926e-33 2.525530582279268e-33
211700.0 1.3655965088387134e-33 -1.596604163497537e-33 -1.6414257480984586e-33
211800.0 -1.6829097141826703e-33 2.641956655349921e-35 -2.2623856317402333e-35
211900.0 -4.192096869646585e-34 1.0879944030461462e-33 -8.194589007309143e-35
212000.0 -2.6361631817440013e-33 -8.465592973003716e-34 -3.274076629780089e-33
212100.0 -2.167165497223039e-33 -3.698724512336226e-34 -4.528117953149939e-34
212200.0 -1.3102004710827673e-33 -1.291039854099431e-33 3.0253146327518117e-33
212300.0 4.147451739655323e-34 1.6982597286463757e-33 -1.9177470221223436e-33
212400.0 -3.51060471380312e-33 9.036007226576539e-34 1.8005352229911527e-33
212500.0 -1.6833832131734482e-33 2.587232651206398e-33 -1.67477150564707e-34
212600.0 1.9999813613102254e-33 2.9822815483444918e-34 -4.762471032065815e-34
212700.0 7.951198901071133e-34 -2.846832820697238e-34 -1.8767450756305992e-33
212800.0 -1.9812195753277088e-33 7.541409925026272e-34 -2.028802588261608e-33
212900.0 2.1967507118670157e-33 3.4884771631813255e-34 1.8731738553249255e-33
213000.0 7.162326146205305e-34 -5.015219096653894e-34 9.836371255050687e-34
213100.0 -1.3949811772892318e-34 -5.057173744907384e-34 -1.5512890712964675e-33
213200.0 -2.2711637644200974e-34 -7.587333870507762e-34 -4.3795489190198365e-33
213300.0 -7.10757552291517e-34 1.0620820199615488e-33 1.8797702936124464e-33
213400.0 -1.262908925070056e-33 1.2438411409369566e-33 -9.434906017021042e-34
213500.0 2.422568962253357e-33 3.035072557131695e-33 1.1472504001157477e-33
213600.0 2.0346781196027272e-33 -5.063485782724065e-34 -1.457749992335403e-33
213700.0 -7.672121419455563e-35 6.2408151862589744e-34 3.974944716841263e-34
213800.0 -1.107721269535819e-33 2.2897763217223278e-35 5.04624425210617e-34
213900.0 9.90533098482999e-34 1.1375064996952665e-33 -5.209553496942067e-34
214000.0 -2.33007146946114e-33 1.0703137974813673e-33 1.9467441271644376e-33
214100.0 1.437807679504948e-33 3.0973186886742216e-33 2.322567101362923e-33
214200.0 -1.0398607480177364e-33 1.5753976977151855e-33 -1.82603672599152e-33
214300.0 -4.1438518448461454e-35 -8.896004700576209e-34 -2.8695491469034186e-33
214400.0 2.174106813379976e-33 1.318535264598305e-33 3.133457585795847e-33
214500.0 -9.253542141048429e-34 3.6010453570972015e-33 3.085930325688182e-34
214600.0 1.2286093357986106e-33 7.752086079152845e-34 -3.3441435747656916e-33
214700.0 7.30300457410891e-34 -6.9718498293592415e-34 -1.6336021745449812e-33
214800.0 8.468338135438053e-34 5.153906112726709e-34 2.8223069719695407e-33
214900.0 1.1429931030005574e-33 1.0846568336731677e-33 2.3231055379607903e-33
215000.0 7.832421513919994e-34 -3.852598969826182e-34 -2.757352753153715e-33
215100.0 -3.216671983878667e-33 4.945795948119911e-34 -2.0560031612618145e-34
215200.0 1.3858909068006916e-33 2.2199972580371492e-33 -7.30717222978058e-35
215300.0 -6.910114735006722e-34 -4.632431963354499e-34 -2.8079265256010647e-33
215400.0 -5.421063241831785e-34 1.698003766560523e-33 7.529568890977479e-34
215500.0 -1.2775644443506143e-33 -1.603053392237085e-33 6.390365654168586e-34
215600.0 -2.4560026220321367e-33 -1.298053579492057e-33 -1.4507056930285098e-33
215700.0 1.957107213829521e-33 -2.4242123218443895e-33 -2.629296265668153e-33
215800.0 -3.57879843192169e-33 3.878538666256123e-34 -4.290208315409665e-33
215900.0 -2.7143489305364986e-33 -1.15685651327913e-33 -2.206738093257552e-33
216000.0 1.535394052057179e-33 -5.513988659387924e-34 -1.0401799089854524e-33
216100.0 2.186291482646001e-33 1.6614547861757597e-33 2.2311927857415392e-33
216200.0 -9.50396218283636e-35 -2.9657596828224972e-33 -1.1861888947417473e-33
216300.0 2.5068118133580326e-33 -1.2379825756057725e-33 -1.3193007543510523e-33
216400.0 -2.3552982561242167e-33 3.270458135947606e-34 1.938669763062899e-33
216500.0 -1.5566754709938283e-33 1.0996067275795194e-33 -2.3598117325046465e-33
216600.0 2.128434915336637e-34 -3.7121697119989036e-33 -3.2571903551660525e-33
216700.0 3.5305474490326765e-36 1.1888665790672098e-33 -3.132580591528124e-35
216800.0 -8.640160961964636e-34 -5.421497146070184e-34 -1.0117191571475576e-33
216900.0 -1.810549887816136e-33 1.920298981794587e-33 -7.513140467935131e-34
217000.0 -1.9030582445160703e-33 3.1017824176871587e-35 -5.317221030679502e-34
217100.0 -5.686430487888352e-34 2.4152173629678193e-33 -7.549703226478375e-34
217200.0 -1.984025061157463e-34 -1.3023498763759045e-33 -7.877307139838969e-34
217300.0 2.427715672714361e-35 -2.573498471081808e-35 1.8972338782333925e-33
217400.0 5.632374006543236e-34 -8.542657854446086e-34 1.705702720065478e-33
217500.0 3.750167937287029e-33 1.2564651307681168e-33 4.6978233828216386e-33
217600.0 8.522129852823863e-34 1.1974073704080325e-33 2.661246339600065e-33
217700.0 -1.6475121659669605e-33 1.5457281396342258e-33 5.984226401779268e-34
217800.0 1.5581101276529578e-33 -4.527528184133555e-34 6.819229221355177e-34
217900.0 -1.884174462301188e-33 -1.3481900368460023e-33 -1.0272913428438543e-33
218000.0 -8.856823170371375e-34 -1.2631483589815523e-33 -8.761114072061525e-34
218100.0 -1.4471046187322051e-33 4.955050251440517e-34 -1.836504254544781e-33
218200.0 -4.142028943040152e-34 -6.9090382257202625e-34 6.965085187022856e-34
218300.0 -1.8439936213609788e-33 1.5580205566448773e-33 1.0037843343531735e-33
218400.0 -2.6688066894885246e-35 8.476038703079328e-35 -2.7111856469044446e-33
218500.0 1.7700420824823448e-33 9.055038913547684e-34 1.4435085600691654e-33
218600.0 1.7835797851090346e-33 2.337511314557878e-33 1.9819792998875938e-33
218700.0 1.6693890843172448e-33 -2.8605059370238114e-33 -8.209480574400579e-34
218800.0 -1.5578691401082694e-33 1.9131020297624435e-33 -1.1469253916181214e-33
218900.0 -1.316401647593363e-33 4.938792931289915e-34 -1.6518073779686903e-33
219000.0 -5.232378030765115e-34 -1.0405174744637513e-33 -4.405104615950833e-35
219100.0 1.2479870984879526e-33 -6.338053652611177e-34 -5.138808909129722e-34
219200.0 -8.84478356506664e-34 -7.523367991513211e-34 -2.5696587516392094e-33
219300.0 -1.7222245386486497e-33 1.6483193701534905e-33 2.2741408181056086e-33
219400.0 3.522659960276168e-33 8.349282959065682e-34 -2.2643907833576067e-33
219500.0 2.2790434449123018e-33 1.954276962367612e-34 -6.548471221016901e-34
219600.0 -3.507739839667357e-34 -6.84753040073177e-34 -6.564684979902716e-35
219700.0 9.130731903574018e-34 4.6000628258817164e-34 -3.864607742235747e-33
219800.0 1.064160739416475e-34 -1.2610562345989317e-34 -1.4631352086949212e-33
219900.0 -1.0015341515821805e-33 -3.0965644823460684e-34 7.031318373142993e-34
220000.0 1.7308554006011202e-34 7.2783204695845596e-34 -6.089635688702273e-34
