t x y z v1 v2 v3 flag 
0.0 62.33 62.380005 15.200001 [-0.2878871  -0.9565381  -0.04643306] [-0.5384365   0.24037182 -0.80765563] [ 0.80993485 -0.29099414 -0.5092425 ] 0 
1.0 62.670002 62.120003 15.16 [-0.37725642 -0.9259922   0.0146977 ] [-0.6699592  0.1686941 -0.7229779] [ 0.7813197  -0.27518243 -0.5601911 ] 0 
2.0 62.75 62.010002 15.180001 [-0.24027269 -0.97052246  0.01884555] [-0.605937    0.20198023 -0.7694441 ] [ 0.84233314 -0.26174095 -0.47113332] 0 
3.0 62.230003 61.720005 15.120001 [-0.21864605 -0.9744024   0.05228532] [-0.71036893  0.26221672 -0.6531603 ] [ 0.68174165 -0.17166276 -0.71116817] 0 
4.0 62.4 61.990005 15.370001 [-0.27941808 -0.9510036  -0.13235436] [-0.5598528   0.18977948 -0.80656594] [ 0.774946   -0.24018924 -0.5846091 ] 0 
5.0 62.180004 62.210003 15.27 [-0.2530358  -0.96613246 -0.05060716] [-0.61739075  0.28969738 -0.73137146] [ 0.685758   -0.32356325 -0.6519531 ] 0 
6.0 62.68 61.850006 15.27 [-0.35515288 -0.9346214  -0.01869282] [-0.6055442   0.20979293 -0.76766074] [ 0.6842573  -0.3202916  -0.65513754] 0 
7.0 62.300003 61.96 15.410002 [-0.11452921 -0.9830499  -0.14316423] [-0.5237355   0.20661321 -0.8264455 ] [ 0.8245905  -0.08343792 -0.5595432 ] 0 
8.0 62.250004 62.09 15.300001 [-0.22652426 -0.9735761  -0.02891697] [-0.6209276   0.10119034 -0.7773092 ] [ 0.7645158 -0.2263334 -0.6035634] 0 
9.0 62.380005 62.02 15.31 [-0.41909784 -0.9001007  -0.11906122] [-0.5932042   0.22304536 -0.773537  ] [ 0.7396666  -0.2755603  -0.61397046] 0 
10.0 62.29 61.75 15.220001 [-0.15641598 -0.9873888  -0.0244418 ] [-0.67903733  0.2407959  -0.69348806] [ 0.7015363 -0.1252742 -0.7015363] 0 
11.0 62.870003 61.690002 15.220001 [-0.68917227 -0.71769035 -0.09981067] [-0.43201944  0.5285359  -0.73075914] [ 0.5134232  -0.5682551  -0.64302635] 0 
12.0 62.61 61.860004 15.280001 [-0.37050334 -0.9285494  -0.02287204] [-0.65476996  0.22916885 -0.7202485 ] [ 0.59769726 -0.24904147 -0.76206046] 0 
13.0 62.600002 61.790005 15.320001 [-0.34547615 -0.93566334 -0.07197481] [-0.6125838   0.27011442 -0.74281836] [ 0.74084127 -0.13978277 -0.6569741 ] 0 
14.0 62.770004 61.790005 15.190001 [-0.3886266  -0.9163852  -0.09595511] [-0.6663593   0.24815993 -0.70312303] [ 0.6813816  -0.30074987 -0.6672846 ] 0 
15.0 62.640003 61.580006 15.52 [-0.39505416 -0.89609677 -0.20234308] [-0.4776371   0.55000544 -0.68509626] [ 0.7097301 -0.1400173 -0.6904191] 0 
16.0 62.710003 61.82 15.410002 [-0.2872964 -0.9397982 -0.1850407] [-0.6766075   0.22387967 -0.7014843 ] [ 0.8123991  -0.04011751 -0.5817201 ] 0 
17.0 62.380005 61.760002 15.31 [-0.14315431 -0.9877545  -0.06203159] [-0.5555292   0.29659653 -0.7767998 ] [ 0.7837532  -0.22392948 -0.5792982 ] 0 
18.0 62.510002 61.690002 15.100001 [-0.25220287 -0.965988   -0.05710397] [-0.788858    0.22668311 -0.5712424 ] [ 0.71485394 -0.17516214 -0.6769801 ] 0 
19.0 62.370003 61.980003 15.26 [-0.16668478 -0.9762898  -0.13810977] [-0.58945346  0.26502624 -0.76308954] [ 0.6830594  -0.11142268 -0.7218136 ] 0 
20.0 62.140003 61.760002 15.400001 [-0.12680009 -0.9753773  -0.18044615] [-0.5868607   0.26030222 -0.7667054 ] [ 0.82062304 -0.03709115 -0.5702649 ] 0 
21.0 62.370003 62.02 15.280001 [-0.2724224  -0.9609021   0.04953032] [-0.6217389   0.18314828 -0.76151   ] [ 0.7651343  -0.2200362  -0.60510623] 0 
22.0 62.230003 61.660004 15.330001 [-0.05776401 -0.9916232  -0.11552802] [-0.6585406   0.29586613 -0.6919448 ] [ 0.72379357  0.         -0.6900167 ] 0 
23.0 62.460003 62.180004 15.510001 [-0.21585591 -0.9691536  -0.11894342] [-0.5094983   0.07348415 -0.8573281 ] [ 0.8269033  -0.19484562 -0.5275094 ] 0 
24.0 62.22 62.110004 15.220001 [-0.19856857 -0.9789985  -0.04617841] [-0.7206745   0.12746564 -0.681455  ] [ 0.7909591  -0.11717974 -0.6005436 ] 0 
25.0 62.180004 61.990005 15.050001 [-0.12005344 -0.99275666  0.00461846] [-0.7802199   0.06419403 -0.6222025 ] [ 0.8404018  -0.17841192 -0.51175576] 0 
26.0 62.200005 62.140003 15.02 [-0.10548731 -0.9877399   0.11507539] [-0.7684194   0.08113836 -0.6347819 ] [ 0.72935927 -0.27785042 -0.62516725] 0 
27.0 62.590004 62.03 15.200001 [-0.29236117 -0.9547355  -0.0548187 ] [-0.5830371  0.214559  -0.783602 ] [ 0.7621281  -0.29718038 -0.5751909 ] 0 
28.0 62.590004 61.89 15.230001 [-0.26036358 -0.96430606  0.04821466] [-0.70429796  0.12143248 -0.69944155] [ 0.71713793 -0.2629484  -0.6454234 ] 0 
29.0 62.480003 61.990005 15.330001 [-0.42778498 -0.89835227 -0.09981631] [-0.63014    0.2833176 -0.7229487] [ 0.7087934  -0.17108767 -0.6843544 ] 0 
30.0 62.210003 62.170006 15.430001 [-0.23464051 -0.9707638  -0.05060881] [-0.5126596   0.13415337 -0.84804666] [ 0.83165556 -0.15956295 -0.5318728 ] 0 
31.0 62.390003 62.09 15.31 [-0.18835102 -0.98039025 -0.05795557] [-0.668416    0.01328095 -0.7436691 ] [ 0.72567135 -0.2752541  -0.6305841 ] 0 
32.0 62.110004 62.140003 15.150002 [-0.20321766 -0.97913367  0.        ] [-0.62749195  0.04826974 -0.7771254 ] [ 0.7391553  -0.26292267 -0.6200976 ] 0 
33.0 62.140003 62.040005 15.31 [-0.17884383 -0.97216994 -0.15132898] [-0.6324379   0.05793082 -0.7724417 ] [ 0.762443   -0.13426793 -0.63297135] 0 
34.0 62.250004 61.920006 15.200001 [-0.25979474 -0.9649504  -0.03711429] [-0.74786144  0.19942857 -0.63319147] [ 0.6966035  -0.12293278 -0.70684594] 0 
35.0 61.930004 61.980003 15.320001 [-0.19466354 -0.96332717 -0.18468066] [-0.46595815  0.15376703 -0.871343  ] [ 0.8676838  -0.09749114 -0.48746315] 0 
36.0 61.83 62.070004 15.380001 [-0.02473354 -0.9745913  -0.22262074] [-0.60699034  0.12050591 -0.78551966] [ 0.88989687  0.11063547 -0.4425419 ] 0 
37.0 61.660004 62.190002 15.240001 [-0.12753618 -0.98594564 -0.10791493] [-0.5196687   0.10295302 -0.8481422 ] [ 0.84713954 -0.12658341 -0.5160729 ] 0 
38.0 61.840004 62.03 15.230001 [-0.01369184 -0.994853   -0.10039873] [-0.51797384  0.09029017 -0.8506179 ] [ 0.826734    0.00489483 -0.5625717 ] 0 
39.0 61.96 62.120003 15.400001 [-0.09322369 -0.9928479  -0.07458179] [-0.6078041   0.00490272 -0.79407185] [ 0.78808886 -0.1345509  -0.6006763 ] 0 
40.0 61.9 61.980003 15.47 [-0.07923191 -0.98341876 -0.16312557] [-0.62713385  0.12359637 -0.7690429 ] [ 0.84305423 -0.02316048 -0.53732955] 0 
41.0 61.920006 62.050003 15.39 [ 0.05954793 -0.99401265 -0.09161275] [-0.60997355  0.06619815 -0.7896519 ] [ 0.82903886  0.01421155 -0.55901045] 0 
42.0 62.170006 62.03 15.27 [-0.12132444 -0.9845849  -0.12598816] [-0.61162275  0.19416763 -0.76695275] [ 0.8119647  -0.20178978 -0.5477172 ] 0 
43.0 62.180004 62.130005 15.34 [-0.07042329 -0.9947071  -0.07482222] [-0.6229962  0.1651877 -0.7645841] [ 0.80339646 -0.0380315  -0.5942286 ] 0 
44.0 62.500004 61.9 15.330001 [-0.25645903 -0.96549505 -0.04525578] [-0.7035398   0.05977653 -0.70813733] [ 0.68812376 -0.18057097 -0.70276594] 0 
45.0 62.380005 61.940002 15.530001 [-0.12784466 -0.9706704  -0.20360427] [-0.5765951   0.17528541 -0.7980057 ] [ 0.7604341  -0.09321598 -0.6426902 ] 0 
46.0 62.36 61.940002 15.52 [-0.10925215 -0.9737869  -0.19950676] [-0.4921489   0.24841854 -0.8343127 ] [ 0.8002653  -0.07955737 -0.59434515] 0 
47.0 62.130005 62.15 15.27 [-0.16279967 -0.98665917  0.        ] [-0.65781105  0.10719895 -0.74551517] [ 0.84001744 -0.12480362 -0.52801025] 0 
48.0 62.29 61.670002 15.430001 [-0.09350043 -0.9891642  -0.11318947] [-0.8359925  -0.05224999 -0.54624754] [ 0.740843    0.03503964 -0.6707637 ] 0 
49.0 62.140003 61.82 15.530001 [-0.14076726 -0.97081655 -0.19416443] [-0.605091    0.17221908 -0.7773065 ] [ 0.7929456  -0.00966845 -0.6092156 ] 0 
50.0 62.370003 61.870003 15.200001 [-0.09140152 -0.9958025   0.00481167] [-0.7382753   0.13756818 -0.6603216 ] [ 0.63901794 -0.11219179 -0.76096594] 0 
51.0 62.350002 61.850006 15.34 [-0.17048997 -0.98032767 -0.09945293] [-0.63514113  0.2258262  -0.73864627] [ 0.78832483 -0.05698865 -0.61261433] 0 
52.0 62.300003 61.940002 15.280001 [-0.01920193 -0.9792766  -0.2016148 ] [-0.5229851   0.32747585 -0.78692204] [ 0.85093594 -0.0700769  -0.520574  ] 0 
53.0 62.16 62.16 15.570001 [-0.09520403 -0.98059654 -0.17136689] [-0.47732577  0.18830526 -0.858313  ] [ 0.8619695  -0.01420588 -0.50676113] 0 
54.0 62.010002 62.240005 15.570001 [-0.11522242 -0.9745996  -0.19203982] [-0.40072742  0.1335752  -0.90640783] [ 0.8827074  -0.0094935  -0.46982697] 0 
55.0 62.36 61.61 15.450001 [-0.13032575 -0.98468035 -0.11584388] [-0.61499107  0.22829476 -0.75476325] [ 0.7590464 -0.0235725 -0.6506097] 0 
56.0 62.710003 62.060005 15.47 [-0.26362714 -0.9538464   0.14379728] [-0.5937626   0.02805062 -0.8041511 ] [ 0.7431935  -0.24930063 -0.6208965 ] 0 
57.0 62.660004 61.83 15.27 [-0.30600786 -0.9520166   0.00485827] [-0.6259412  0.2263019 -0.7463143] [ 0.7952759  -0.29401112 -0.5301827 ] 0 
58.0 62.170006 62.110004 15.42 [-0.00475816 -0.9986197  -0.05230888] [-0.62862194  0.04762216 -0.7762517 ] [ 0.802515   -0.0734034  -0.59209925] 0 
59.0 62.550003 61.720005 15.530001 [-0.09800887 -0.9849864  -0.14211276] [-0.5203408   0.15276045 -0.8401843 ] [ 0.78328305 -0.04957595 -0.61968523] 0 
60.0 61.81 62.230003 15.21 [-0.30435988 -0.9523547  -0.0196366 ] [-0.44825628  0.21914646 -0.86662626] [ 0.8439743  -0.03376059 -0.53532   ] 0 
61.0 62.240005 62.09 15.35 [-0.13875683 -0.97606516 -0.16746168] [-0.60339695  0.13564949 -0.7858188 ] [ 0.7686549 -0.068629  -0.6359714] 0 
62.0 62.180004 61.990005 15.190001 [-0.3517849  -0.93320745 -0.07328915] [-0.68424493  0.19347417 -0.7031193 ] [ 0.75110286 -0.11555711 -0.6499931 ] 0 
63.0 62.79 62.16 15.370001 [-0.45826462 -0.87911904 -0.13093224] [-0.5442875   0.26528412 -0.7958489 ] [ 0.73057854 -0.2626261  -0.63030344] 0 
64.0 62.830006 61.980003 15.280001 [-0.20550834 -0.97860646 -0.00978816] [-0.5791644   0.18988991 -0.7927865 ] [ 0.7201663  -0.26100135 -0.64283645] 0 
65.0 62.61 61.95 15.34 [-0.19423053 -0.97589827 -0.09948446] [-0.678652    0.10589168 -0.72678643] [ 0.7869275  -0.21241902 -0.57932997] 0 
66.0 62.280003 61.89 15.230001 [-0.15619898 -0.98772556  0.        ] [-0.7143085   0.08205178 -0.6950043 ] [ 0.64876753 -0.30501622 -0.69718415] 0 
67.0 62.260002 62.000004 15.54 [-0.09228677 -0.97144663 -0.21857402] [-0.6657238   0.08083896 -0.74180657] [ 0.81678957 -0.07714234 -0.5717551 ] 0 
68.0 62.190002 61.690002 15.67 [ 0.02516122 -0.98122615 -0.19121222] [-0.59043574  0.13808645 -0.7951841 ] [ 0.85298526  0.04218246 -0.5202277 ] 0 
69.0 62.22 61.920006 15.42 [-0.03877323 -0.9838963  -0.17448415] [-0.6836181   0.15625568 -0.7129168 ] [ 0.79061234  0.00964    -0.6122411 ] 0 
70.0 62.08 61.510006 15.54 [-0.07250154 -0.9812037  -0.1788375 ] [-0.55241597  0.21021017 -0.80662775] [ 0.78933215  0.17117895 -0.58962065] 0 
71.0 62.590004 61.61 15.570001 [-0.20708397 -0.94598943 -0.2494401 ] [-0.6749478   0.18362679 -0.7146515 ] [ 0.65386176  0.         -0.75661397] 0 
72.0 62.340004 61.840004 15.430001 [-0.26830137 -0.9555294  -0.12238415] [-0.6356464   0.19162855 -0.7478183 ] [ 0.7962656  -0.21716401 -0.5646246 ] 0 
73.0 62.340004 61.910004 15.510001 [-0.23586497 -0.9579056  -0.16366036] [-0.5044676   0.18975377 -0.84232175] [ 0.785831   -0.11020965 -0.60854214] 0 
74.0 61.82 61.88 15.35 [-0.0049284  -0.98584414 -0.16759202] [-0.52514327  0.19983569 -0.8272183 ] [ 0.7925182  0.1258704 -0.5967174] 0 
75.0 62.15 61.970005 15.480001 [-0.14719272 -0.97338027 -0.1756843 ] [-0.51311237  0.10356309 -0.8520507 ] [ 0.79486233 -0.03392876 -0.60584044] 0 
76.0 62.310005 61.670002 15.26 [-0.25266838 -0.9638803  -0.08422279] [-0.59729403  0.24479425 -0.76375103] [ 0.75929683 -0.2647548  -0.594452  ] 0 
77.0 62.370003 62.060005 15.110001 [-0.27213135 -0.96184826 -0.02815047] [-0.7476004  0.1114425 -0.6547322] [ 0.7089466  -0.29220134 -0.6418825 ] 0 
78.0 62.500004 62.110004 15.120001 [-0.25711426 -0.9653943  -0.04365924] [-0.66608095  0.18423489 -0.7227682 ] [ 0.72072506 -0.28244728 -0.63307095] 0 
79.0 62.910004 61.82 15.290001 [-0.30773693 -0.95118576  0.02331483] [-0.7194558   0.1823293  -0.67017865] [ 0.74555784 -0.21372484 -0.6312411 ] 0 
80.0 62.570004 61.790005 15.200001 [-0.30273584 -0.94949144 -0.08256447] [-0.7193602   0.15414758 -0.6773178 ] [ 0.7442207  -0.14592686 -0.65179825] 0 
81.0 62.75 62.040005 15.250001 [-0.33181635 -0.94255924 -0.03847263] [-0.6904326   0.14186944 -0.709349  ] [ 0.6979303  -0.34659073 -0.62671226] 0 
82.0 62.760006 61.620003 15.290001 [-0.40364337 -0.9117558  -0.07598146] [-0.6762369   0.28097135 -0.6809983 ] [ 0.6473658  -0.24400762 -0.722065  ] 0 
83.0 62.81 61.9 15.150002 [-0.26322332 -0.96358913  0.04700365] [-0.83184326  0.15686308 -0.53238213] [ 0.66839135 -0.28220904 -0.68819404] 0 
84.0 62.4 62.050003 15.27 [-0.26434574 -0.96437824 -0.00978899] [-0.6224269   0.04211925 -0.7815439 ] [ 0.6710176  -0.28278574 -0.68539596] 0 
85.0 62.510002 61.930004 15.200001 [-0.2367459  -0.971139   -0.02898801] [-0.75779533  0.14501095 -0.63617456] [ 0.67117596 -0.3042027  -0.6760056 ] 0 
86.0 62.230003 61.96 15.240001 [-0.02799203 -0.9890897   0.14463024] [-0.78558934  0.07856062 -0.6137408 ] [ 0.637225   -0.20601815 -0.7426311 ] 0 
87.0 62.460003 61.88 15.31 [-0.28752178 -0.95384055 -0.08671389] [-0.664873    0.09088313 -0.741407  ] [ 0.74901414 -0.23526603 -0.61937696] 0 
88.0 62.180004 61.88 15.370001 [-0.1669425  -0.96825963 -0.18602015] [-0.59144175  0.16829759 -0.788589  ] [ 0.8111018   0.02896865 -0.5841872 ] 0 
89.0 62.190002 62.010002 15.120001 [-0.14516117 -0.9870863  -0.06774089] [-0.64755887  0.18707195 -0.738696  ] [ 0.82399535 -0.03832439 -0.5652989 ] 0 
90.0 62.250004 61.770004 15.06 [-0.20067291 -0.97947174 -0.01911205] [-0.8135618   0.18810755 -0.5502116 ] [ 0.7336372  -0.10549098 -0.6713033 ] 0 
91.0 62.140003 62.22 15.320001 [-0.15765265 -0.98039055 -0.11823713] [-0.5851834   0.07254419 -0.8076495 ] [ 0.8059764  -0.20267089 -0.5561713 ] 0 
92.0 62.250004 61.840004 15.430001 [-0.07474975 -0.9916959  -0.10465078] [-0.6719079   0.13248812 -0.72868824] [ 0.7385105   0.01486875 -0.674078  ] 0 
93.0 62.29 61.61 15.440001 [ 0.08181702 -0.99622893 -0.02887508] [-0.8048119   0.08394044 -0.58756423] [ 0.7608938   0.00466905 -0.6488597 ] 0 
94.0 62.33 62.02 15.560001 [-0.07436533 -0.98536456 -0.15338315] [-0.7069759   0.01910977 -0.7069795 ] [ 0.78489894 -0.02437344 -0.61914426] 0 
95.0 62.4 61.730003 15.49 [-0.06371042 -0.9948832  -0.07841254] [-0.63046616  0.16106741 -0.7593218 ] [ 0.75531983 -0.05097263 -0.65337104] 0 
96.0 62.690006 61.780006 15.200001 [-0.2246145  -0.9733236   0.04679365] [-0.8115957   0.07246262 -0.5797083 ] [ 0.7292234  -0.21924573 -0.648201  ] 0 
97.0 62.440002 61.82 15.480001 [-0.08166923 -0.9891018  -0.12250558] [-0.85400766  0.04997052 -0.5178551 ] [ 0.5869577  -0.05634744 -0.8076544 ] 0 
98.0 62.600002 61.940002 15.370001 [-0.29217267 -0.9562017  -0.01770785] [-0.70130295  0.05610552 -0.71065205] [ 0.6994532  -0.24575411 -0.6710963 ] 0 
99.0 62.500004 62.100006 15.49 [-0.06635215 -0.99526054 -0.07109068] [-0.73612046 -0.00494334 -0.67683244] [ 0.70737535 -0.11024129 -0.6981884 ] 0 
100.0 62.36 61.800003 15.280001 [-0.15493669 -0.98773456  0.01936778] [-0.8548754  0.04473   -0.5169015] [ 0.523665   -0.21242926 -0.8250145 ] 0 
101.0 62.22 61.670002 15.280001 [ 0.04148797 -0.9956876  -0.08297595] [-0.7079909   0.22332688 -0.66998065] [ 0.76407963  0.         -0.64512205] 0 
102.0 62.180004 61.910004 15.200001 [-0.1551941  -0.9876041  -0.02351584] [-0.7616711   0.05572979 -0.6455627 ] [ 0.6716867  -0.19329011 -0.71517545] 0 
103.0 62.780003 61.690002 15.460001 [-0.08936994 -0.9689641  -0.23048103] [-0.48121282  0.28872806 -0.82768977] [ 0.8104706  -0.06309097 -0.5823719 ] 0 
104.0 62.060005 61.910004 15.190001 [ 0.04234518 -0.9975062  -0.05646383] [-0.6725416   0.08646785 -0.7349905 ] [ 0.7655691 -0.0700223 -0.6395318] 0 
105.0 61.910004 61.7 15.320001 [-0.06487589 -0.9916765  -0.11121529] [-0.7526277   0.06842222 -0.65488166] [ 0.735447    0.05056231 -0.6756931 ] 0 
106.0 61.89 61.7 15.040001 [-0.1613911  -0.9867935   0.01383302] [-0.6923316   0.20334417 -0.6923353 ] [ 0.7470977  -0.09929724 -0.65725577] 0 
107.0 62.88 61.61 15.430001 [-0.12088146 -0.9912409  -0.05318895] [-0.62871397  0.1326197  -0.76624465] [ 0.7998528  -0.15435636 -0.5800082 ] 0 
108.0 62.310005 61.96 15.130001 [-0.16737182 -0.98561966 -0.02324722] [-0.66712666  0.2300453  -0.70853454] [ 0.76474375 -0.18022388 -0.6186165 ] 0 
109.0 62.47 62.140003 15.180001 [-0.2683074  -0.9630353  -0.02395758] [-0.56859195  0.14214799 -0.81024516] [ 0.7399029 -0.3509792 -0.5738967] 0 
110.0 62.420002 62.070004 15.39 [-0.20152812 -0.968319   -0.14746115] [-0.6043091   0.10721505 -0.7895033 ] [ 0.8402184  -0.19245169 -0.506947  ] 0 
111.0 61.990005 62.070004 14.970001 [-0.334696   -0.9390068   0.07902446] [-0.654943    0.17777054 -0.73447084] [ 0.70768785 -0.44947806 -0.5451122 ] 0 
112.0 62.65 62.02 15.14 [-0.26149765 -0.96193427  0.07938217] [-0.71293724  0.17700765 -0.6785196 ] [ 0.680885   -0.22861741 -0.6957943 ] 0 
113.0 62.040005 62.02 14.940001 [-0.00487805 -0.99940556  0.03412591] [-0.7947225 -0.038766  -0.6057338] [ 0.77061737 -0.18635614 -0.60944253] 0 
114.0 62.040005 62.040005 14.920001 [-0.21638125 -0.97611946  0.0192343 ] [-0.66734487  0.1631275  -0.7266638 ] [ 0.855408   -0.18294995 -0.48456818] 0 
115.0 62.120003 62.270004 15.200001 [-0.12838963 -0.9904403   0.05043928] [-0.70835656 -0.09786484 -0.6990376 ] [ 0.801903  -0.2881103 -0.5233966] 0 
116.0 62.370003 62.130005 15.230001 [-0.22530143 -0.9731091   0.04793562] [-0.54863507  0.20391639 -0.810813  ] [ 0.77877635 -0.23809648 -0.5803598 ] 0 
117.0 62.710003 61.82 15.26 [-0.12589407 -0.9819722   0.14100075] [-0.7954862   0.04910712 -0.6039786 ] [ 0.68457925 -0.1699303  -0.70885473] 0 
118.0 62.240005 62.000004 15.09 [-0.21370783 -0.97355586 -0.08073306] [-0.7234726   0.16182943 -0.67111754] [ 0.8293413 -0.202513  -0.5207509] 0 
119.0 62.300003 62.08 15.190001 [-0.35159352 -0.9343668  -0.05779725] [-0.64054084  0.24856828 -0.72658193] [ 0.66922545 -0.34163228 -0.6598672 ] 0 
120.0 62.08 62.08 15.110001 [-0.16342402 -0.9852179   0.05136234] [-0.68558264  0.13711615 -0.71496546] [ 0.7728784  -0.1584169  -0.61446154] 0 
121.0 62.410004 62.08 15.250001 [-0.34034994 -0.9299658  -0.13901605] [-0.48382047  0.18570907 -0.85523677] [ 0.8242284  -0.31737483 -0.4689571 ] 0 
122.0 62.600002 62.050003 15.240001 [-0.33662775 -0.94058317 -0.04455209] [-0.7470411   0.11817545 -0.6541897 ] [ 0.73346156 -0.29242566 -0.6136133 ] 0 
123.0 62.210003 62.000004 15.280001 [-0.30031604 -0.9493893   0.09203368] [-0.66048086  0.12647529 -0.7401142 ] [ 0.72152984 -0.2829542  -0.6319269 ] 0 
124.0 62.15 62.240005 15.26 [-0.18667711 -0.9812545  -0.04786527] [-0.5720119   0.12434876 -0.81076497] [ 0.84092873 -0.23826374 -0.48586956] 0 
125.0 62.08 62.320004 15.130001 [-0.18135448 -0.98312825 -0.02386382] [-0.56214     0.08030571 -0.823134  ] [ 0.84026474 -0.22472136 -0.49341196] 0 
126.0 62.500004 62.240005 14.970001 [-0.23915753 -0.97098076  0.        ] [-0.6134057   0.23666723 -0.7534733 ] [ 0.7774672  -0.39571744 -0.48882753] 0 
127.0 62.47 61.96 15.050001 [-0.39162135 -0.9154134   0.09301136] [-0.67111576  0.1529774  -0.72539747] [ 0.75242287 -0.2652742  -0.6029009 ] 0 
128.0 62.850002 61.800003 15.34 [-0.29988423 -0.94802225 -0.1064113 ] [-0.6266159   0.22481674 -0.7461971 ] [ 0.6846329  -0.26259902 -0.6799408 ] 0 
129.0 62.800003 62.16 15.360001 [-0.41104397 -0.90149534 -0.13545853] [-0.7223655   0.24524908 -0.6465608 ] [ 0.7765705  -0.31258038 -0.5470208 ] 0 
130.0 62.4 61.850006 15.300001 [-0.20754121 -0.97014344 -0.12549208] [-0.6533897   0.18802482 -0.73329985] [ 0.77585834 -0.14151105 -0.6148321 ] 0 
131.0 62.710003 62.120003 15.240001 [-0.37985948 -0.9238547  -0.04689543] [-0.58699954  0.1514834  -0.7952888 ] [ 0.74640304 -0.3053478  -0.591308  ] 0 
132.0 62.340004 62.060005 15.06 [-0.2699566 -0.9566908  0.1089315] [-0.5562544   0.26853547 -0.78642845] [ 0.7928785  -0.21971524 -0.5683913 ] 0 
133.0 62.530003 61.83 15.190001 [-0.18382679 -0.9771801  -0.10642633] [-0.65569687  0.22171111 -0.721738  ] [ 0.82391053 -0.22034806 -0.5221284 ] 0 
134.0 62.450005 62.09 15.200001 [-0.3608341  -0.92927057 -0.07908878] [-0.68589395  0.21434186 -0.69541866] [ 0.7421157  -0.31805032 -0.590007  ] 0 
135.0 62.68 62.050003 15.400001 [-0.18861626 -0.97529304 -0.11501103] [-0.5919943   0.10588611 -0.79895616] [ 0.79797673 -0.1789414  -0.57551116] 0 
136.0 62.370003 61.95 15.150002 [-0.35612744 -0.9342542  -0.01850054] [-0.61122054  0.18288533 -0.77004063] [ 0.7312387  -0.3276321  -0.59828687] 0 
137.0 62.240005 62.200005 15.120001 [-0.26286408 -0.96383774 -0.04381012] [-0.6793584   0.1556851  -0.71710134] [ 0.7906119  -0.27960765 -0.5447498 ] 0 
138.0 62.430004 61.88 15.400001 [-0.22933617 -0.959464   -0.16381027] [-0.44204307  0.17591661 -0.8795745 ] [ 0.8400987  -0.14713717 -0.5220966 ] 0 
139.0 62.33 62.040005 15.21 [-0.19226247 -0.9810339  -0.02465058] [-0.6574282   0.13148528 -0.7419568 ] [ 0.7825692 -0.2041489 -0.5881401] 0 
140.0 62.350002 62.110004 15.180001 [-0.31143263 -0.9432013  -0.11567643] [-0.69758403  0.16357142 -0.6975822 ] [ 0.80881685 -0.26298875 -0.5259775 ] 0 
141.0 62.410004 62.050003 15.370001 [-0.44721434 -0.8944268   0.        ] [-0.619376    0.14328735 -0.771908  ] [ 0.71445096 -0.3282615  -0.6179032 ] 0 
142.0 62.500004 62.140003 15.39 [-0.33506525 -0.9249714  -0.17932963] [-0.4760305  0.1761301 -0.8616108] [ 0.8333152  -0.24536633 -0.49535966] 0 
143.0 62.560005 62.03 15.370001 [-0.27026752 -0.9604115  -0.06756642] [-0.6200377   0.07323515 -0.78114647] [ 0.79012436 -0.22441272 -0.57038796] 0 
144.0 62.450005 61.850006 15.370001 [-0.18119915 -0.9822898  -0.04768312] [-0.61100465  0.17941932 -0.77102655] [ 0.7635768  -0.13717103 -0.63097906] 0 
145.0 62.640003 62.08 15.26 [-0.3378383  -0.9389857  -0.06458498] [-0.5808137   0.19519123 -0.79028845] [ 0.7343582  -0.2747931  -0.62065023] 0 
146.0 62.16 61.920006 15.39 [-0.2417242  -0.94223696 -0.2318595 ] [-0.33486646  0.4515602  -0.8270175 ] [ 0.83667815 -0.20099111 -0.5094825 ] 0 
147.0 62.450005 61.83 15.450001 [-0.20488232 -0.96944284 -0.13492088] [-0.5815588   0.20555215 -0.7871071 ] [ 0.85816175 -0.05884324 -0.50999594] 0 
148.0 62.000004 62.200005 15.280001 [ 0.         -0.98439795 -0.17595653] [-0.51359326  0.09423552 -0.8528433 ] [ 0.88869804 -0.07855881 -0.4517127 ] 0 
149.0 62.590004 61.790005 15.52 [-0.21340981 -0.9554892  -0.20370734] [-0.70927805  0.11514247 -0.6954615 ] [ 0.72107863 -0.08653142 -0.6874285 ] 0 
150.0 62.340004 61.760002 15.300001 [-0.03938166 -0.9943624  -0.09845039] [-0.52009195  0.2815177  -0.8063822 ] [ 0.89500904  0.02811438 -0.44516104] 0 
151.0 62.72 62.170006 15.480001 [-0.26028457 -0.9654276  -0.01419688] [-0.67930526  0.10378163 -0.72648036] [ 0.6610841 -0.2484914 -0.7079687] 0 
152.0 62.86 62.110004 15.59 [-0.16033061 -0.9253409   0.34356707] [-0.54369056 -0.15466967 -0.8249109 ] [ 0.8046708  -0.30409122 -0.50993466] 0 
153.0 63.010002 62.560005 15.860001 [-0.11477892 -0.87831104  0.46410713] [-0.6573452 -0.3030322 -0.6899774] [ 0.67860925 -0.39862362 -0.6169188 ] 0 
154.0 63.07 62.54 15.810001 [-0.13795476 -0.8467646   0.51376855] [-0.63949585 -0.24896555 -0.72736585] [ 0.7590722  -0.34503108 -0.5520535 ] 0 
155.0 62.800003 62.16 15.550001 [-0.25302884 -0.8930388   0.37209967] [-0.7210961   0.00471585 -0.69281894] [ 0.59150165 -0.35489917 -0.7239974 ] 0 
156.0 62.72 62.480003 15.570001 [-0.17402706 -0.9136402   0.36739087] [-0.65368354 -0.02334552 -0.7564078 ] [ 0.7187231  -0.40366653 -0.56611866] 0 
157.0 62.850002 62.190002 15.640001 [-0.08099547 -0.9576422   0.27633515] [-0.74598014 -0.08552655 -0.66045356] [ 0.602737   -0.30136943 -0.73884   ] 0 
158.0 62.82 62.070004 15.75 [-0.04854918 -0.89817464  0.43695003] [-0.679681   -0.04752953 -0.7319664 ] [ 0.6929176  -0.29150265 -0.659463  ] 0 
159.0 63.230003 62.130005 15.570001 [-0.12300655 -0.9509424   0.28386238] [-0.6701694 -0.081966  -0.7376683] [ 0.7034955  -0.3541741  -0.61616147] 0 
160.0 63.230003 62.08 15.8 [-0.26705196 -0.88699216  0.37673354] [-0.7106668  -0.09628328 -0.696909  ] [ 0.73219687 -0.3835297  -0.5628434 ] 0 
161.0 62.920002 62.060005 15.630001 [-0.09680746 -0.9148286   0.39206755] [-0.7238828  -0.11738913 -0.6798628 ] [ 0.6173578 -0.3641974 -0.6973016] 0 
162.0 62.830006 62.340004 15.7300005 [-0.07164018 -0.89308196  0.44415346] [-0.69422394 -0.24860787 -0.67546076] [ 0.6934716  -0.3836239  -0.60986054] 0 
163.0 62.970005 62.410004 15.72 [-0.05699641 -0.89767253  0.43696156] [-0.5933453  -0.19295803 -0.78147835] [ 0.7403162  -0.30244797 -0.60038084] 0 
164.0 62.900005 62.380005 15.630001 [ 0.12634914 -0.8891227   0.43988258] [-0.74465495 -0.37232834 -0.55395013] [ 0.5733749  -0.37415463 -0.7288686 ] 0 
165.0 62.72 62.760006 15.59 [ 0.24131691 -0.60792863  0.75643176] [-0.5256073  -0.7466621  -0.40771654] [ 0.7465999  -0.39342052 -0.53647816] 0 
166.0 62.670002 62.870003 15.660001 [ 0.16028014 -0.5099868   0.8451175 ] [-0.44368187 -0.7939599  -0.41566092] [ 0.8655847  -0.27203992 -0.42042518] 0 
167.0 62.33 62.58 15.710001 [ 0.28391612 -0.5531438   0.7832137 ] [-0.25695515 -0.89017105 -0.37625724] [ 0.9261533  -0.13506357 -0.35213315] 0 
168.0 62.300003 62.640003 15.7300005 [ 0.34107015 -0.48998895  0.80223554] [-0.04781603 -0.86070323 -0.50685656] [ 0.95182824  0.00457533 -0.3065974 ] 0 
169.0 62.640003 62.65 15.610001 [ 0.2781972  -0.7355709   0.61769074] [-0.6687855 -0.5003471 -0.5498897] [ 0.8179416  -0.28387195 -0.500388  ] 0 
170.0 62.560005 62.570004 15.810001 [ 0.16073968 -0.7403728   0.65269506] [-0.58811635 -0.4508866  -0.67143166] [ 0.7852125  -0.24336953 -0.5693967 ] 0 
171.0 62.68 62.250004 15.560001 [ 0.23422483 -0.7313463   0.64052427] [-0.7154762 -0.5752826 -0.3964135] [ 0.73038983 -0.2791292  -0.62339205] 0 
172.0 63.120003 62.240005 15.830001 [ 0.45043105 -0.4124993   0.7918057 ] [-0.41056362 -0.8118014  -0.41523013] [ 0.7970927  -0.16908306 -0.5797017 ] 0 
173.0 62.590004 62.380005 15.630001 [ 0.47113508 -0.37885168  0.796557  ] [-0.25243312 -0.88837045 -0.38350424] [ 0.88576007 -0.15898497 -0.43606508] 0 
174.0 62.29 62.510002 15.570001 [ 0.08502533 -0.3311461   0.93974096] [-0.17662741 -0.9356599  -0.30552143] [ 0.9301595  -0.13635816 -0.34089538] 0 
175.0 62.320004 62.09 15.430001 [ 0.32784194 -0.48945105  0.80805784] [-0.35550782 -0.9053552  -0.23226291] [ 0.881975   -0.01503116 -0.4710565 ] 0 
176.0 62.940002 62.690006 16.060001 [ 0.57165086 -0.2955165   0.7654315 ] [-0.26331285 -0.8495599  -0.45707148] [ 0.77984524 -0.14854355 -0.60809237] 0 
177.0 62.180004 62.630005 15.710001 [ 0.27884373 -0.39128262  0.8770086 ] [-0.1739617  -0.90362453 -0.39140782] [ 0.89935637 -0.21000184 -0.38348073] 0 
178.0 61.96 62.340004 15.570001 [ 0.34296274 -0.21435353  0.9145649 ] [-0.04860232 -0.962379   -0.26732853] [ 0.87691754  0.01399276 -0.48043707] 0 
179.0 62.86 62.390003 15.480001 [ 0.36601287 -0.36601105  0.8556112 ] [-0.42222312 -0.883278   -0.2038321 ] [ 0.8838535  -0.2627671  -0.38698366] 0 
180.0 62.500004 62.49 15.7300005 [ 0.35265023 -0.43366158  0.82920164] [-0.28121242 -0.88973135 -0.35957992] [ 0.88289636 -0.14547592 -0.44646475] 0 
181.0 62.640003 62.530003 15.52 [ 0.41396925 -0.2936276   0.8616335 ] [-0.31403416 -0.8889615  -0.33336172] [ 0.8281934  -0.22586995 -0.5129118 ] 0 
182.0 62.510002 62.530003 15.660001 [ 0.36973968 -0.5498674   0.74895823] [-0.3430192 -0.8744573 -0.3430192] [ 0.8892776  -0.21399733 -0.40421578] 0 
183.0 62.88 62.450005 15.440001 [ 0.36965263 -0.37912926  0.84830296] [-0.42514512 -0.8640058  -0.26971397] [ 0.82344157 -0.29408482 -0.4852401 ] 0 
184.0 63.14 62.140003 15.880001 [ 0.08054624 -0.4832612   0.87176317] [-0.3701008  -0.8440141  -0.38815674] [ 0.81901956 -0.04575437 -0.5719383 ] 0 
185.0 62.800003 62.300003 15.77 [ 0.38245916 -0.5760492   0.72242105] [-0.02953476 -0.76788485 -0.6399066 ] [ 0.9524784   0.02843101 -0.3032761 ] 0 
186.0 63.06 62.260002 15.620001 [ 0.39948568 -0.52205294  0.75357276] [-0.0340923  -0.80360675 -0.5941834 ] [ 0.9400475   0.21542853 -0.26438853] 0 
187.0 62.170006 62.450005 15.250001 [ 0.33166265 -0.48328403  0.8102076 ] [ 0.42238352 -0.63115    -0.65057045] [ 0.90961546  0.40158334 -0.10644511] 0 
188.0 62.36 62.840004 15.550001 [ 0.34990862 -0.63834316  0.6856252 ] [ 0.11985218 -0.7698143  -0.6269142 ] [ 0.944521    0.18219227 -0.27328748] 0 
189.0 62.520004 62.730003 15.52 [ 0.4185153 -0.6563106  0.6277748] [ 0.19430426 -0.69136673 -0.69588643] [ 0.92466325  0.35453302 -0.13893946] 0 
190.0 62.58 62.970005 15.940001 [ 0.43523502 -0.5706407   0.696376  ] [ 0.063079  -0.7812049 -0.6210798] [ 0.9109514   0.28437123 -0.29883203] 0 
191.0 62.230003 62.93 15.42 [ 0.54387504 -0.5683736   0.61737454] [ 0.22483455 -0.7032029  -0.6745037 ] [ 0.86690855  0.4907895  -0.08715069] 0 
192.0 62.440002 63.020004 15.410002 [ 0.4040937 -0.541961   0.7368762] [ 0.1803503 -0.7445172 -0.6427814] [ 0.8657354   0.49815974 -0.04836434] 0 
193.0 62.120003 62.81 15.120001 [ 0.537412   -0.47447136  0.6971839 ] [ 0.47360665 -0.5340685  -0.70033395] [ 0.7083518   0.69409025 -0.12836093] 0 
194.0 62.310005 62.630005 15.42 [ 0.39973444 -0.6095962   0.68454725] [ 0.36961517 -0.6035486  -0.70647985] [ 0.8913963   0.43854818 -0.11440308] 0 
195.0 62.460003 62.81 15.39 [ 0.36563495 -0.6581455   0.6581455 ] [ 0.25255144 -0.6841848  -0.6841848 ] [ 0.916201    0.38987404 -0.09259592] 0 
196.0 62.4 62.800003 15.52 [ 0.2916293  -0.73879635  0.6075626 ] [ 0.10186566 -0.71306336 -0.69365984] [ 0.981851    0.13410568 -0.13410568] 0 
197.0 62.61 62.430004 15.34 [ 0.3635414  -0.6468163   0.67042243] [ 0.21432726 -0.7001351  -0.6810834 ] [ 0.9364011   0.3417862  -0.07959324] 0 
198.0 62.16 62.65 15.39 [ 0.37090948 -0.502678    0.7808592 ] [ 0.2944339 -0.6805717 -0.670918 ] [0.89255023 0.45092392 0.00464969] 0 
199.0 62.600002 62.570004 15.230001 [ 0.5395527  -0.6166335   0.57327646] [ 0.31824753 -0.5519581  -0.7707534 ] [0.8469399 0.5316886 0.       ] 0 
200.0 62.370003 62.390003 15.320001 [ 0.40672457 -0.7246234   0.5563238 ] [ 0.32818836 -0.5660065  -0.75625986] [ 0.8941595   0.44471374 -0.05204134] 0 
201.0 62.58 62.660004 15.39 [ 0.4418181 -0.4828115  0.7561017] [ 0.38056055 -0.6968667  -0.6079067 ] [ 0.8607848   0.47491592 -0.18304203] 0 
202.0 62.03 63.110004 15.31 [ 0.23001449 -0.66128755  0.7139973 ] [ 0.26713443 -0.62638426 -0.7323128 ] [ 0.9251332   0.36911684 -0.0887764 ] 0 
203.0 61.96 63.21 15.450001 [ 0.23091435 -0.7664278   0.5993889 ] [ 0.17128958 -0.64599496 -0.74387527] [ 0.94428605  0.3225536  -0.06544514] 0 
204.0 62.430004 62.630005 15.34 [ 0.35125315 -0.62445027  0.69762677] [ 0.18563616 -0.6070836  -0.7726505 ] [ 0.86660504  0.47568998 -0.15071376] 0 
205.0 62.440002 62.800003 15.230001 [ 0.31451905 -0.7492946   0.5827825 ] [ 0.32089114 -0.52204347 -0.7902527 ] [ 0.86890846  0.4931643  -0.04227312] 0 
206.0 62.100006 63.100006 15.27 [ 0.10975756 -0.66769737  0.73629713] [ 0.32243133 -0.5438041  -0.77480006] [ 0.96240586  0.26965874 -0.03254499] 0 
207.0 62.120003 63.320004 15.16 [ 0.23688427 -0.68222785  0.6917016 ] [ 0.20042041 -0.5768201  -0.7919029 ] [0.9714711  0.22636224 0.07073899] 0 
208.0 61.870003 62.93 15.200001 [ 0.45113972 -0.41392976  0.79065484] [ 0.34668416 -0.61524224 -0.70801634] [ 0.84158635  0.53514177 -0.07318309] 0 
209.0 62.02 63.030006 15.240001 [ 0.28066596 -0.60488164  0.74521464] [ 0.22549255 -0.6576845  -0.7187519 ] [ 0.9441529   0.30312094 -0.12920083] 0 
210.0 62.110004 62.95 15.100001 [ 0.20198728 -0.6235264   0.7552588 ] [ 0.3067422 -0.6876971 -0.6580135] [0.9707133  0.23782603 0.03397488] 0 
211.0 62.560005 63.14 15.6 [ 0.22325844 -0.67948246  0.69889855] [ 0.03663009 -0.7509352  -0.6593591 ] [ 0.96615165  0.22369282 -0.12850142] 0 
212.0 62.430004 62.770004 15.530001 [ 0.15236874 -0.7666154   0.6237664 ] [ 0.18481782 -0.6422392  -0.7438892 ] [ 0.94696563  0.28455716 -0.1492756 ] 0 
213.0 62.420002 63.030006 15.560001 [ 0.18478414 -0.6254241   0.7580893 ] [ 0.26494136 -0.64608514 -0.7158073 ] [ 0.9649437   0.21909192 -0.1445071 ] 0 
214.0 62.68 62.710003 15.780001 [ 0.37573984 -0.66958517  0.64068335] [ 0.01910095 -0.72581977 -0.6876197 ] [ 0.90225595  0.3121336  -0.29750115] 0 
215.0 62.630005 62.550003 15.450001 [ 0.3735566 -0.6179845  0.6917736] [ 0.08744092 -0.782126   -0.6169547 ] [ 0.9369867   0.31720823 -0.1464058 ] 0 
216.0 62.36 62.510002 15.580001 [ 0.42869443 -0.66739506  0.60893756] [ 0.227753  -0.6238456 -0.7476265] [ 0.9479163   0.29934308 -0.10885046] 0 
217.0 62.230003 62.560005 15.430001 [ 0.4126689  -0.31557167  0.85446995] [ 0.3072875  -0.7583089  -0.57492787] [ 0.9042638   0.4136535  -0.10581885] 0 
218.0 62.36 62.380005 15.49 [ 0.0816732 -0.6677905  0.739855 ] [ 0.21713546 -0.7479112  -0.62728065] [ 0.91418976  0.40525916 -0.00470972] 0 
219.0 62.240005 62.450005 15.400001 [ 0.2652264 -0.6700516  0.6933151] [ 0.2097118 -0.5023383 -0.8388547] [0.9624315  0.26549733 0.05689384] 0 
