9.999999982207569138e-01
9.539087402820587425e-01
9.297402668837926321e-01
9.036832698667892627e-01
8.819716805734004739e-01
8.651481219092194141e-01
8.374773306724352384e-01
8.149289542559495780e-01
7.918374934499128326e-01
7.723371545628955337e-01
7.511820216609544909e-01
7.252065211534499678e-01
7.047275800317053251e-01
6.817744969529040411e-01
6.655718407489080723e-01
6.437481826031079546e-01
6.268010458027993836e-01
6.088750574980741348e-01
5.919206354543159465e-01
5.776274860068991712e-01
5.632842171587337798e-01
5.437641420712073792e-01
5.303848497361444148e-01
5.147983752023638226e-01
5.000526466864650965e-01
4.855712090026248484e-01
4.687413241607802372e-01
4.500208181468234869e-01
4.332866734162920674e-01
4.165758049050562462e-01
4.127819935099510396e-01
4.033054738360292713e-01
3.960417449893154362e-01
3.918144564876066549e-01
3.820434504908001849e-01
3.752107885497880102e-01
3.642163959868026657e-01
3.552868378053350984e-01
3.479295945469221274e-01
3.402132032278143425e-01
3.337273521823172495e-01
3.176939662080258131e-01
3.091847875957968728e-01
2.937671352602258534e-01
2.775839698637366793e-01
2.527930090585962519e-01
2.238577440681476793e-01
1.975917957674760417e-01
1.785783117113549645e-01
1.535156503515808235e-01
1.321636687914859443e-01
1.178984752297401462e-01
1.080715828043902482e-01
9.818584094377788563e-02
8.222822964090067965e-02
6.950414338952874693e-02
5.682977078289821321e-02
4.509626199594802404e-02
3.107376995828601760e-02
8.656281085921004731e-03
-1.109206882563043214e-02
-3.314343201262610200e-02
-4.902549548972424953e-02
-6.468054846577021844e-02
-8.117660559224386396e-02
-9.779953107456951233e-02
-1.196426750333220851e-01
-1.377818313107561643e-01
-1.555427400801414894e-01
-1.728815392337062218e-01
-1.848122208514286491e-01
-1.968833456818873950e-01
-2.026521385640137063e-01
-2.074405619641765952e-01
-2.064952473706147817e-01
-2.036509186857276554e-01
-2.038677052259445233e-01
-2.030052791439717896e-01
-2.019564183504600763e-01
-1.992261246701733102e-01
-1.989854632084034625e-01
-1.972505801046887941e-01
-1.862562156024099302e-01
-1.792672451396109812e-01
-1.687809489985816480e-01
-1.631478976843686035e-01
-1.548588296641474071e-01
-1.467357835356603579e-01
-1.420436748097428092e-01
-1.361437720645751193e-01
-1.354704765049186965e-01
-1.303856133060021794e-01
-1.214076137734115685e-01
-1.124206977999872570e-01
-1.048743681651409521e-01
-9.527963934079655695e-02
-8.415769445044653241e-02
-6.994304947483424850e-02
-5.136379085987517051e-02
-3.224774537717595146e-02
-8.920702751320187460e-03
-4.062730073928833181e-03
9.595176788291545720e-04
3.370410781733843789e-03
6.562886558012249669e-03
1.146833738312125206e-02
2.258555857758772975e-02
2.783914282917976379e-02
4.962316796343813757e-02
7.403682228987631952e-02
8.586383422652443809e-02
9.507338942752943667e-02
9.581918639831998874e-02
1.053003480827266469e-01
1.192029018340439589e-01
1.344443342193614721e-01
1.505580276250839122e-01
1.614448308412517741e-01
1.739425569862486365e-01
1.865942651723943024e-01
2.077481734255949564e-01
2.201663834042847101e-01
2.273741049479834631e-01
2.372764976551899607e-01
2.491983560385642171e-01
2.607879289670994583e-01
2.829252771536509004e-01
2.969733809901250465e-01
3.138853395230149501e-01
3.246684413817193526e-01
3.406519754199494598e-01
3.501504314797265205e-01
3.715608664720818632e-01
3.954936059958794603e-01
4.118439403932486198e-01
4.294434218018343685e-01
4.462922778553687353e-01
4.651318948599509895e-01
4.815023581659982899e-01
4.968781704383511966e-01
5.207114494482024680e-01
5.519856973240773179e-01
5.754996962466482069e-01
5.880854729691455951e-01
5.987558223699268600e-01
6.085432209074497223e-01
6.181683521379124358e-01
6.169533265961540947e-01
6.194438793749179606e-01
6.086095422506332397e-01
5.989063826261782353e-01
6.085450214147567483e-01
6.042042234722448946e-01
6.119589353911578655e-01
6.042565801676283987e-01
5.841219026757322741e-01
5.785703000095155923e-01
5.763774968006394328e-01
5.697749887788018386e-01
5.585484330852826806e-01
5.394239414755891415e-01
5.254719890654087067e-01
4.955703417460123883e-01
4.904546772963122581e-01
4.779710330673166419e-01
4.709485218756728764e-01
4.630750098398753734e-01
4.610634349724825887e-01
4.716923331672495112e-01
4.543720250949263573e-01
4.404960279503176146e-01
4.390892113248507367e-01
4.174569732156293012e-01
4.110317134431430430e-01
4.068816977518576183e-01
4.060296026559976346e-01
3.824774199724197410e-01
3.553987673173348294e-01
3.395935267857883022e-01
3.168030984022400798e-01
2.763617212573687421e-01
2.690503403544425853e-01
2.408063207802019490e-01
2.194309689932399388e-01
1.998054253704407701e-01
1.866570394486188889e-01
1.597823470830917469e-01
1.033062977450234510e-01
5.594606984120149146e-02
-1.668841950595378876e-02
-6.821230053901672363e-02
-1.314390435814857538e-01
-1.787532369295755930e-01
-2.546537984162569046e-01
-2.865171389920370681e-01
-3.500381708145141602e-01
-3.714807093143462913e-01
-3.121954500675201416e-01
-2.268507530291875296e-01
-2.021183073520660400e-01
