9.999999928830275442e-01
9.498830908536910478e-01
9.144854111288061027e-01
8.859006249242358244e-01
8.591247200965881348e-01
8.358417224823212477e-01
8.114803173985236651e-01
7.857425679097470583e-01
7.631787157429315016e-01
7.408471845167999836e-01
7.248459901485143630e-01
7.039494863466212449e-01
6.774661310766109112e-01
6.634083688259124756e-01
6.495773661782078268e-01
6.383819037707902933e-01
6.264698749055733762e-01
6.070809562326126008e-01
5.911721018412725570e-01
5.777013883158400587e-01
5.720709277862343622e-01
5.666697372578912706e-01
5.589657910792521500e-01
5.512385473827298155e-01
5.473852467402225974e-01
5.466844868761572274e-01
5.458257845469883796e-01
5.344738550484180450e-01
5.146031663080171681e-01
4.990396053898473183e-01
4.825278275717071463e-01
4.667124823612325279e-01
4.435403666861311156e-01
4.264871188040290639e-01
4.077591637182914064e-01
3.881354214825544213e-01
3.632032198887882868e-01
3.428068478569025190e-01
3.276653580504692576e-01
3.129130883809225216e-01
2.961974050502599320e-01
2.778440039604902490e-01
2.558556366360412726e-01
2.359094283060182429e-01
2.217461268898028581e-01
1.984108995514898000e-01
1.665064106304799396e-01
1.379575495692816622e-01
1.142581377933227921e-01
9.604409878681365031e-02
8.572261701553862689e-02
7.310803644359112341e-02
5.958523283768820539e-02
4.558552917395088805e-02
3.482202638168724329e-02
2.498933897443013710e-02
4.351100479734354778e-03
-9.485932881943881512e-03
-1.944293506391398668e-02
-3.421001204512488791e-02
-4.610758718658000688e-02
-6.348238371844802663e-02
-8.798206506444396224e-02
-1.093911639806153108e-01
-1.258627416117348019e-01
-1.334424506982459790e-01
-1.447148294774470434e-01
-1.616757572350550898e-01
-1.783516731925476884e-01
-1.952399093036850386e-01
-2.094321498889049615e-01
-2.259644655224222476e-01
-2.478164772308150132e-01
-2.641513031267095357e-01
-2.746385886209217753e-01
-2.824893108909092287e-01
-2.882905310392379628e-01
-3.004365597190635784e-01
-3.025927712943980441e-01
-3.000433481008302761e-01
-2.957125094927046671e-01
-2.866597043583169468e-01
-2.751036882400512695e-01
-2.620599477914935527e-01
-2.388649184543352733e-01
-2.194485541047720978e-01
-2.051681361120680225e-01
-1.869077414862419517e-01
-1.713345269713781593e-01
-1.612670557307345487e-01
-1.457930588591340448e-01
-1.228399400683966580e-01
-1.043903109608987079e-01
-9.129022606820971775e-02
-7.736099594942877355e-02
-5.942337749139318254e-02
-5.032075444857279228e-02
-5.398549608742961303e-02
-5.022485546984718774e-02
-4.309711269303864029e-02
-3.900183560234485314e-02
-4.121857382357120569e-02
-4.097036144348106118e-02
-4.872011545361304430e-02
-5.100064390559786581e-02
-3.957353229634463787e-02
-2.843948663457443807e-02
-1.411274337071053570e-02
5.668112026747836908e-03
3.965510274081126413e-02
6.877786723467019248e-02
8.779065849052535009e-02
1.069345967739485648e-01
1.284292199310254068e-01
1.488833144820969623e-01
1.694196178469546954e-01
1.831636706695837225e-01
1.989296671180497966e-01
2.143340161047786185e-01
2.329196642811705298e-01
2.565242961784939824e-01
2.749918544664978759e-01
2.805815433399586611e-01
2.840765634408363716e-01
2.945745070646335617e-01
3.045005880688366195e-01
3.285918474197387917e-01
3.335830643773078918e-01
3.477323310424203506e-01
3.683755675123797646e-01
3.857460804808307553e-01
4.074299448302813875e-01
4.269705360782319326e-01
4.525753722033080129e-01
4.786203032109274669e-01
5.090508503895817549e-01
5.365118457720829959e-01
5.592066026292741299e-01
5.572938013171392369e-01
5.593112591774233033e-01
5.743286199257021662e-01
5.892251084248224524e-01
6.088839607723688374e-01
6.379782223495943372e-01
6.607106322782081431e-01
6.799937949648925395e-01
6.902115913954648407e-01
7.070132532605418740e-01
7.120193169926697374e-01
7.100641331993616800e-01
7.077895017231211616e-01
7.130753523111343917e-01
7.199815536031917151e-01
7.376964135716358451e-01
7.306175872366479362e-01
7.196903513825457788e-01
7.093387093808916077e-01
6.987915367565371572e-01
6.986435994852421283e-01
6.927556459392819610e-01
6.998582475069092812e-01
6.914957761764526367e-01
6.804291369059146666e-01
6.783386264976701829e-01
6.724432449083070917e-01
6.508314700590239754e-01
6.301783280713217916e-01
6.073740988093263571e-01
6.183962849053469268e-01
6.226187366992235184e-01
6.283028298808682743e-01
6.583335767189661958e-01
6.729394957937043786e-01
6.893445061785834493e-01
7.212786332324698790e-01
7.420344306872441731e-01
7.862686252593994451e-01
7.888804140190283087e-01
8.222374060879582558e-01
8.589338389309969513e-01
8.670063444546290965e-01
8.836234062910079956e-01
8.736035635596827165e-01
8.492763506041632882e-01
8.575393838040968886e-01
8.510474786162376404e-01
8.718041380246480676e-01
9.182803162506648631e-01
9.060010864184453450e-01
8.984389305114746094e-01
8.822062286463651093e-01
8.690361917018890603e-01
8.513168957498338241e-01
8.225141614675521851e-01
8.286075166293552785e-01
8.696127831935882568e-01
8.382023334503173606e-01
8.648988157510757446e-01
8.688201109568277625e-01
8.095729053020477295e-01
