9.999999937726490318e-01
9.551996994018554510e-01
9.195826209370215887e-01
8.867574935459127117e-01
8.572578284189785736e-01
8.296701212850760010e-01
7.997491005139473197e-01
7.715716065128439549e-01
7.437974031570662170e-01
7.175491555147649470e-01
6.960891690982885516e-01
6.738600556395555330e-01
6.548653167312737944e-01
6.428589640938221494e-01
6.268095380083762436e-01
6.048765960800391861e-01
5.806948645795518837e-01
5.573581146562228694e-01
5.338517612691133785e-01
5.181458714203193150e-01
4.991621312515511777e-01
4.743369700387120025e-01
4.543449834155636746e-01
4.379817431143830375e-01
4.214285622524507890e-01
4.031747542745010571e-01
3.855202287967716135e-01
3.747789988658208893e-01
3.551997618394435730e-01
3.346196336151902040e-01
3.155005102465201494e-01
2.995661558035542238e-01
2.866539726717143854e-01
2.750944436439091145e-01
2.580382891311616689e-01
2.409353325457637696e-01
2.181553575125607658e-01
1.988078860974893392e-01
1.776246135037369556e-01
1.596194689886437645e-01
1.360080805346832455e-01
1.083986269310116823e-01
8.271853167141945962e-02
4.585532400804229886e-02
1.255752110652103536e-02
-2.783376083542139084e-02
-6.090523884181053144e-02
-9.284217145245571290e-02
-1.182948222590817361e-01
-1.387127242296149754e-01
-1.608111197067214893e-01
-1.709410903602838483e-01
-1.787212920272035210e-01
-1.910495372690461657e-01
-2.036363571932932048e-01
-2.144762537863156571e-01
-2.287795333512898099e-01
-2.451534577024479800e-01
-2.659744482774000773e-01
-2.892888808281908752e-01
-3.168440319544880146e-01
-3.392793011751824017e-01
-3.626367054048845184e-01
-3.880028519509495233e-01
-4.167492103892086464e-01
-4.392519080463577752e-01
-4.635726743826159568e-01
-4.756258964649777154e-01
-4.853300553417407293e-01
-4.934440632209633470e-01
-5.080983821899835995e-01
-5.167830519593106242e-01
-5.243258730096872489e-01
-5.368949036346748471e-01
-5.439011670473054005e-01
-5.513069121137498252e-01
-5.565351643562317374e-01
-5.721108024759639088e-01
-5.820072995937937144e-01
-5.896382980415078023e-01
-5.927632699820620799e-01
-5.876152159025271882e-01
-5.748440107377636998e-01
-5.661505343929186251e-01
-5.536693577200938465e-01
-5.415310399799511121e-01
-5.297901937495107516e-01
-5.151494141472013899e-01
-5.029368993323460879e-01
-4.852354142016598315e-01
-4.668818646454596100e-01
-4.412935435771941917e-01
-4.183036847672331193e-01
-3.919760455135946065e-01
-3.615833928930425323e-01
-3.269470902335531171e-01
-2.995129908834184840e-01
-2.795114054058033815e-01
-2.613336274997123398e-01
-2.397002162886600896e-01
-2.288578102863071118e-01
-2.173686261475086257e-01
-2.096963563952783105e-01
-2.056430132717502468e-01
-1.957184109721601672e-01
-1.733856166441304081e-01
-1.575633260176370065e-01
-1.292644147761166096e-01
-9.954020815591017868e-02
-5.757519515717159087e-02
-2.577241370966146250e-02
7.324525217215219902e-03
3.437601193115952247e-02
6.444165516983378639e-02
8.203209375684288041e-02
9.959333359675351383e-02
1.127003885586472104e-01
1.200152686353595510e-01
1.353633402319378287e-01
1.451574715376808822e-01
1.607326262711006870e-01
1.661237666383385547e-01
1.708174666649178719e-01
1.878435983298680778e-01
2.152454566645931877e-01
2.427003790477388900e-01
2.686228367686271934e-01
2.832079596213392114e-01
3.063081186519910348e-01
3.287919335998594761e-01
3.400864110551249930e-01
3.489945147718702123e-01
3.678899389030276801e-01
3.911587910397964496e-01
4.119595266989807825e-01
4.250045423254822374e-01
4.434570800799589874e-01
4.563479938078671694e-01
4.721744810304944751e-01
4.815125785047008056e-01
4.929047976849508794e-01
5.158542267978191154e-01
5.368150804760092321e-01
5.517618223254022736e-01
5.630896748288681808e-01
5.710298967148575988e-01
5.753329462625763613e-01
5.780587080452177506e-01
5.743145523768551364e-01
5.751522922745118116e-01
5.820077497000787359e-01
6.025132584571838423e-01
6.271464587474355756e-01
6.489910793801149103e-01
6.521865226169849539e-01
6.477443675368862452e-01
6.597698875599437018e-01
6.617062352597713470e-01
6.615389089944750944e-01
6.565890085129511000e-01
6.570489199423208415e-01
6.476437374949455261e-01
6.358720962053689973e-01
6.300552056023949188e-01
6.233768555763605779e-01
6.090931312905417672e-01
5.984065869024821627e-01
5.996419449939447421e-01
6.097979066949902327e-01
6.081369472667574883e-01
5.919484859032015933e-01
5.849537139137586106e-01
5.581766613598527771e-01
5.299310657594885621e-01
4.973839336523303012e-01
4.602375433135491023e-01
4.279428145289421170e-01
3.912847926840186119e-01
3.654166570176248796e-01
3.375745127824219538e-01
3.248316823017029509e-01
3.246989229694008938e-01
3.179709864290137245e-01
3.028633859422471541e-01
2.865066813195453199e-01
2.653616876341402531e-01
2.338488534092903193e-01
1.996439993381500244e-01
1.486072101845191118e-01
8.380039812376101349e-02
2.072745375335216522e-02
-9.242446720600127827e-03
-3.171424484915203595e-02
-7.521208911202847958e-02
-9.625968124185289854e-02
-9.672915780295927857e-02
-6.977873593568802157e-02
-2.367919310927391052e-02
6.296501308679580688e-02
1.000581197440624237e-01
