9.999999905107033182e-01
9.498454689979553001e-01
9.233685555170528803e-01
9.001808223700282774e-01
8.818675372276814084e-01
8.638499840257727325e-01
8.421876368614343855e-01
8.203187703164582789e-01
8.058801939218772636e-01
7.899173758535956713e-01
7.831464078257844852e-01
7.714908524563438563e-01
7.580401003360748291e-01
7.540634939684829341e-01
7.467473240937778645e-01
7.370282064682693868e-01
7.228970057658247184e-01
7.022452233156756263e-01
6.855377138393824454e-01
6.706877812579438158e-01
6.617531522449867643e-01
6.477534328483872672e-01
6.384927818145831324e-01
6.291181484048955497e-01
6.194840945450768022e-01
6.113775206772102955e-01
6.017253536411694137e-01
6.043794665528440246e-01
6.003241543738828678e-01
5.916396576564671994e-01
5.849553159389057067e-01
5.738897096146555743e-01
5.637268861590405411e-01
5.582736908192080794e-01
5.463708922891559183e-01
5.414255080991480229e-01
5.376936204505688988e-01
5.381081913847748366e-01
5.476725550334146098e-01
5.510122020855362512e-01
5.626555282321775708e-01
5.634118552552536130e-01
5.649413398625153793e-01
5.665799557596822300e-01
5.634652921206252385e-01
5.529191711296638223e-01
5.466150207264769412e-01
5.375670465072254212e-01
5.255772295633173163e-01
5.195021115390485722e-01
5.166938858513800970e-01
5.165843842675288400e-01
5.240617431950249649e-01
5.270407467929495438e-01
5.363212979214937448e-01
5.458217295499084853e-01
5.479775021302288884e-01
5.551435367669910192e-01
5.631420036608522084e-01
5.685384983432965056e-01
5.695227280206290876e-01
5.605872854457369936e-01
5.667213248691970184e-01
5.703159593369649949e-01
5.679186162042574315e-01
5.792404924081090423e-01
5.851988710049126352e-01
5.973139488652571272e-01
6.144870386311882537e-01
6.187705017739173474e-01
6.210773405512325374e-01
6.212072322288384463e-01
6.168495053353235669e-01
6.171022445196285844e-01
6.060954686400927827e-01
5.920212307560538401e-01
5.794896646738052493e-01
5.656129925121222701e-01
5.611431242792102037e-01
5.637493290495677600e-01
5.630112590329828803e-01
5.655752293765544669e-01
5.773646334937515556e-01
5.830396910718942394e-01
5.796149816268529875e-01
5.869885942545430835e-01
5.910705854063448283e-01
5.888888612062784800e-01
5.863206077663771776e-01
5.848297466124806609e-01
5.798333564286565212e-01
5.780961695719849525e-01
5.759653278344541993e-01
5.717467159308768920e-01
5.699681555417096535e-01
5.725057368289749871e-01
5.748075996126447151e-01
5.797563889959397310e-01
5.861377691108624610e-01
5.899717707698252100e-01
5.894492405771029064e-01
5.827942829579114692e-01
5.820545086053886541e-01
5.806121633825253037e-01
5.729128867387771606e-01
5.661270374742647382e-01
5.635274335545928936e-01
5.662280843850779899e-01
5.700515789851066106e-01
5.728844981640577316e-01
5.772124372504570111e-01
5.872095761199792596e-01
5.952150333630904511e-01
6.129507730630311402e-01
6.162580647345247131e-01
6.146108889302541733e-01
6.171834321583018479e-01
6.255235271971850697e-01
6.417336769132728769e-01
6.495259493225957748e-01
6.505128641003443679e-01
6.572501557879150136e-01
6.789162480567074720e-01
6.905012794603140325e-01
7.060041714024234416e-01
7.283068205180921462e-01
7.575666471322377582e-01
7.675239894841168198e-01
7.821893102093918637e-01
7.974909862710369834e-01
8.055844873609677714e-01
8.112198884998048642e-01
8.184541610703952585e-01
8.310597946538644809e-01
8.344114849816507418e-01
8.375464402364961591e-01
8.350801243231846804e-01
8.371153832413256168e-01
8.462590830666678610e-01
8.447055259058552368e-01
8.510164305812022434e-01
8.706958572069803948e-01
8.836126908407373470e-01
8.748612373039640344e-01
8.549883993048417175e-01
8.526303384985242095e-01
8.463695618239316376e-01
8.430045087028432693e-01
8.243139105023078450e-01
8.094059022573324436e-01
7.969807076687905889e-01
7.959909862279892501e-01
7.846396693161555858e-01
7.813736473520597192e-01
7.832203665946392279e-01
7.783153095970982704e-01
7.787120964792039191e-01
7.697954421693627980e-01
7.671483928381011008e-01
7.544412953513008890e-01
7.580149489931944373e-01
7.531918652355671373e-01
7.449471469108874810e-01
7.414411831843225054e-01
7.374706832138268053e-01
7.450682582954565314e-01
7.354084440640040743e-01
7.364022600300171861e-01
7.512332941546584486e-01
7.425610516220331192e-01
7.326752235812525882e-01
7.219610452651977761e-01
7.030505373560148596e-01
6.885982602834701538e-01
6.799153917365603483e-01
6.589654936240270100e-01
6.423070412874222201e-01
5.877020104477802542e-01
5.579605530137601299e-01
5.134047100489790294e-01
4.888235004175277010e-01
4.948031425476074330e-01
4.922605580405184922e-01
4.739213320944044572e-01
4.502835273742675781e-01
4.300676248967647552e-01
3.919790466626485448e-01
3.413023001381328969e-01
3.093115154367226949e-01
2.360510043799877167e-01
1.677160913294011846e-01
1.220352083444595365e-01
1.038769367668363752e-01
8.133663609623908997e-02
3.072949605328696016e-02
-6.948682417472203110e-02
-8.324016630649566650e-02
-1.077748648822307587e-01
-5.233937998612721992e-02
-7.294283062219619751e-02
