9.999999899176222895e-01
9.584146845340728582e-01
9.320940171653900874e-01
9.054898237339173983e-01
8.879260933641249798e-01
8.678403039063725677e-01
8.462411297437472113e-01
8.214576960224466706e-01
8.008066274881980862e-01
7.785713007518401119e-01
7.598006085575562674e-01
7.339100567133802766e-01
7.080341725753097615e-01
6.860795209303180986e-01
6.682594664355012704e-01
6.467084197267409795e-01
6.286578588993162464e-01
6.070087767894500885e-01
5.910722864537291121e-01
5.750782887277366973e-01
5.584547285052293697e-01
5.382762092269128829e-01
5.248716359947647181e-01
5.086747042709187649e-01
4.995522279776422048e-01
4.815532396632162260e-01
4.651876262415732821e-01
4.455334868538996518e-01
4.327411428955248995e-01
4.174319085946610053e-01
4.110903741889878060e-01
4.010245899286340454e-01
3.980272694893137175e-01
3.906651333063131393e-01
3.851473419787641017e-01
3.764574939542146836e-01
3.667380223220044755e-01
3.541582039352960676e-01
3.439105508014834167e-01
3.338752887499185085e-01
3.254096650558969128e-01
3.134807176887989266e-01
3.035658042198456918e-01
2.901024632155895233e-01
2.743224903086947664e-01
2.465632572196997108e-01
2.198870530772593646e-01
1.958672590100194455e-01
1.768666048552475778e-01
1.493500971823538692e-01
1.282442570108895674e-01
1.139220314224561048e-01
1.071669225324720365e-01
9.492586273699998856e-02
7.940302448359881637e-02
6.193554416707117150e-02
5.059083885159985916e-02
3.639675283597575139e-02
2.633338711400340371e-02
1.016291514248915048e-03
-1.839994660294647782e-02
-4.271699078381061693e-02
-5.863688122347104209e-02
-7.666013535598049933e-02
-9.296260642254874917e-02
-1.114260817275327803e-01
-1.291375476728986726e-01
-1.427784366950170247e-01
-1.567400414916805818e-01
-1.780624990210388781e-01
-1.920728459385515063e-01
-2.051828662936504011e-01
-2.087307791261709955e-01
-2.127722939476370811e-01
-2.104361353544738356e-01
-2.098411632672188831e-01
-2.058897604942321879e-01
-2.063748897203514787e-01
-2.067170125561031968e-01
-2.067682000457263247e-01
-2.051536483336086070e-01
-2.050000623799860533e-01
-2.007310265252570114e-01
-1.946196477797071944e-01
-1.832556536691820614e-01
-1.771085996437689325e-01
-1.701623086048209277e-01
-1.654786970793155065e-01
-1.573800972077698812e-01
-1.554312302864023498e-01
-1.502510663625356291e-01
-1.485715685920281914e-01
-1.402323405266901746e-01
-1.329907888063678045e-01
-1.212115716015067096e-01
-1.096381403786956116e-01
-9.763007536530494967e-02
-8.469828017629109362e-02
-6.616254678918319365e-02
-4.771106836258196676e-02
-2.256178634591621962e-02
-1.687419921159744388e-02
-9.555098685351285856e-03
-9.989939782084251291e-03
-8.833433088568067720e-03
-2.608301389651993766e-03
8.389945563517119467e-03
2.145383558533293239e-02
4.384928525135080996e-02
6.211987510323524475e-02
7.877644438009995254e-02
8.947804737836122235e-02
9.071876058417759070e-02
9.546991691670635161e-02
1.120011727914385358e-01
1.252758370409178257e-01
1.452276302611126557e-01
1.591749050255332754e-01
1.663051222013421926e-01
1.778133509726059214e-01
1.954981055524614153e-01
2.129931145347654931e-01
2.187061019336120904e-01
2.271706513487375678e-01
2.405396413009662226e-01
2.534302653450715148e-01
2.732708560427030142e-01
2.891049455549266067e-01
3.018660120768089650e-01
3.143579313117597085e-01
3.300258886646216805e-01
3.430723443627357594e-01
3.633521064252093202e-01
3.808035403490066528e-01
3.986359350383281708e-01
4.199628223749724554e-01
4.382966232987550725e-01
4.551878400670830160e-01
4.716209477138897932e-01
4.873949564512699006e-01
5.120572508847127668e-01
5.382586826880773057e-01
5.646721625984725268e-01
5.839943122761003247e-01
5.958339242558730042e-01
6.087375868644032684e-01
6.138548962094566575e-01
6.116079434200569764e-01
6.094398059934940104e-01
5.964213804556772747e-01
5.950131680743366847e-01
6.086300298571586387e-01
6.150490343570709229e-01
6.236725162404278544e-01
6.215684724614974899e-01
6.104684379761633473e-01
6.011971228652530641e-01
5.977193215353922007e-01
5.921395805686019420e-01
5.818348211191949337e-01
5.646465286249067184e-01
5.532786028459668604e-01
5.407892022377405183e-01
5.255848139916595718e-01
5.219562581262072731e-01
5.123888109293248672e-01
4.970956265926361195e-01
4.939460158348083496e-01
5.052017131538102390e-01
4.918598642107099295e-01
4.739438324205337283e-01
4.667260160048802842e-01
4.509864069264510333e-01
4.355845089469637110e-01
4.257498339370445195e-01
4.236348764254496690e-01
4.011757111549377197e-01
3.729039461662371768e-01
3.552725982406865213e-01
3.379314176060936870e-01
2.975973522379284919e-01
2.965677522122859844e-01
2.782239976682160942e-01
2.548832322160403119e-01
2.244753758696948764e-01
2.101744445972144604e-01
1.902506142854690496e-01
1.599080317786761574e-01
1.227962546623670159e-01
4.818867395321527886e-02
-1.041598347100344650e-02
-9.458202123641967773e-02
-1.491909921169281006e-01
-2.133112754672765732e-01
-2.397326486451285266e-01
-2.695118462045987262e-01
-2.499963402748107966e-01
-2.323665022850036621e-01
-1.922646313905715942e-01
-1.746117696166038513e-01
