9.999999899176222895e-01
9.467923834919929060e-01
9.113383567213413361e-01
8.788445351852310905e-01
8.510952007952075071e-01
8.264043062393154893e-01
7.987878390611746759e-01
7.736902543794863529e-01
7.463122165805317065e-01
7.292539895667383698e-01
7.143559118059916724e-01
6.954575675882791463e-01
6.723391367171807076e-01
6.576655480138798859e-01
6.438398326941352501e-01
6.338620303619292295e-01
6.240905932880737028e-01
6.022134396126088696e-01
5.892705208942538020e-01
5.771396061057573190e-01
5.721184300124974031e-01
5.677052418390909905e-01
5.597100852255049164e-01
5.571014310201901631e-01
5.498434608265504453e-01
5.457429981536485730e-01
5.416300963929721046e-01
5.323572737089861118e-01
5.158069591990784852e-01
4.969372978044110933e-01
4.825834300782945174e-01
4.640960718998137780e-01
4.422694464054333641e-01
4.258535327833323225e-01
4.054822472933523603e-01
3.859321760933801526e-01
3.588578233213135515e-01
3.408070739994688569e-01
3.271971158454754502e-01
3.191306008784859372e-01
2.994577550554867740e-01
2.809881359804421441e-01
2.633136643928551957e-01
2.399026006460189819e-01
2.270409277385207480e-01
2.046067352669361239e-01
1.753673078071686653e-01
1.447759782532592743e-01
1.208493405697392414e-01
1.051646259882928480e-01
9.200650076104315012e-02
8.021423106392223945e-02
6.571149421018242232e-02
5.237590023190588640e-02
3.937306011817893331e-02
2.204594102828470042e-02
7.099879764277359194e-03
-1.005213058346675521e-02
-2.125291427323868290e-02
-4.015826845777706322e-02
-4.637896845526728873e-02
-6.114945502153464746e-02
-8.694098674082498257e-02
-1.097532049415336081e-01
-1.256627505169297665e-01
-1.334133189281120069e-01
-1.460703399446275363e-01
-1.620163837475563084e-01
-1.792420030088353045e-01
-1.942752201223012232e-01
-2.091346332191965918e-01
-2.229291817603202830e-01
-2.427547850696615550e-01
-2.651305683539249003e-01
-2.729854505127808917e-01
-2.825182695533074995e-01
-2.893149605989456252e-01
-3.026767212657197614e-01
-3.055763158008334979e-01
-3.046523801615980687e-01
-2.970768138766288757e-01
-2.876570099499076716e-01
-2.724009474285510324e-01
-2.632200452104463406e-01
-2.412366963859297331e-01
-2.247837177509891537e-01
-2.092059257885684198e-01
-1.884396222599765691e-01
-1.731852107739026703e-01
-1.583539164359016038e-01
-1.455481259806735983e-01
-1.216152083467353512e-01
-1.038212011645146399e-01
-8.843247833903189470e-02
-7.450545022142267271e-02
-6.349382851764841240e-02
-5.730232624780563777e-02
-6.029992192410505575e-02
-5.774283966103804094e-02
-4.726734264370273386e-02
-4.353859094847546685e-02
-4.253285400569439129e-02
-4.543243634580361456e-02
-5.141482726499742306e-02
-4.763693569861736365e-02
-3.697342689459522797e-02
-2.863011446438337715e-02
-1.347200469450747680e-02
1.072095078165813224e-02
4.425399062102255282e-02
7.405956122246416806e-02
9.850993181268373478e-02
1.175038242775402753e-01
1.409809677438302600e-01
1.595864735286811331e-01
1.863529378071773768e-01
1.950632133028086523e-01
2.042568671916212275e-01
2.191700455115502266e-01
2.359800302400821559e-01
2.591053322877412968e-01
2.768285305239260308e-01
2.840916269187686027e-01
2.850445911097220786e-01
2.928830214909144969e-01
3.014868607646540855e-01
3.216984659433365090e-01
3.274881573947700519e-01
3.412991137537237929e-01
3.565509824289215812e-01
3.716749397801681343e-01
3.923516405480248492e-01
4.154157221749208984e-01
4.430211271871538625e-01
4.709496689376546641e-01
4.935592060739343867e-01
5.200133250309870725e-01
5.392093113623559475e-01
5.439696297759101240e-01
5.432443594740282711e-01
5.597168109456046592e-01
5.791249215602874978e-01
6.069034014718007741e-01
6.320204981442155701e-01
6.525540676033287912e-01
6.687591512288365569e-01
6.834551393985748291e-01
6.976918572628939552e-01
7.103330537957964763e-01
7.132725045084953308e-01
7.060344289330875434e-01
7.088641166687011941e-01
7.130893055273561654e-01
7.259473415712515143e-01
7.272097848831339251e-01
7.097291583600251474e-01
7.013376792271931448e-01
6.837477399544282797e-01
6.805072835711545309e-01
6.769721025512331902e-01
6.761849151878822628e-01
6.638772115111351013e-01
6.538224174426152668e-01
6.444176466841446960e-01
6.358856131901612363e-01
6.220202810234494173e-01
6.004986575671604765e-01
5.798813314998850776e-01
5.787148335666367771e-01
5.871795779094099998e-01
5.914870553439662837e-01
6.278231322765350786e-01
6.445385227943288831e-01
6.732771620154380798e-01
7.094461012769628372e-01
7.447027678673083795e-01
7.780830824375152277e-01
7.872862033545970917e-01
8.042610533859418931e-01
8.203203705224123565e-01
8.358261869067237226e-01
8.602091163396835549e-01
8.532898441741341156e-01
8.412507292297151107e-01
8.386911679716670953e-01
8.347237035632133484e-01
8.628524661064147505e-01
9.095196298190525441e-01
8.977475120471074543e-01
8.810990055402120325e-01
8.582989302548494903e-01
8.525222301483154075e-01
8.296017448107401160e-01
8.247947916388511658e-01
8.128627112933567433e-01
8.339766860008239746e-01
8.186233639717102051e-01
8.722714930772781372e-01
8.762657245000203821e-01
8.734359145164489746e-01
