9.999999964415137166e-01
9.499108555912971763e-01
9.235435029370101523e-01
8.991554301194469856e-01
8.782620213661097575e-01
8.555545162181464880e-01
8.306520517055805408e-01
8.107883692479010973e-01
7.942878775723239970e-01
7.797665645290786651e-01
7.757068097747433777e-01
7.636515257389921985e-01
7.518987829092318442e-01
7.459697298943361865e-01
7.389966755866367309e-01
7.319875171267857805e-01
7.182330146029188844e-01
6.983592381862842036e-01
6.810642297639221132e-01
6.666512648974146638e-01
6.591682572802786133e-01
6.438127846043143476e-01
6.319116805185819308e-01
6.222814294729339668e-01
6.104459560523598505e-01
6.025091318667612494e-01
5.924706173794610509e-01
5.951460449817194132e-01
5.877757523574925758e-01
5.789415926867446105e-01
5.771371353613702349e-01
5.643482392215553034e-01
5.551083681763276934e-01
5.482218493042247953e-01
5.374178398612462493e-01
5.305521092097084113e-01
5.237966269254684670e-01
5.291683567097273944e-01
5.391642917061876261e-01
5.457199858846487617e-01
5.590449435555416846e-01
5.618584988638758437e-01
5.663471866000748811e-01
5.658486935816988694e-01
5.607245256471785622e-01
5.552632068642057162e-01
5.459724232554435952e-01
5.412049210303789826e-01
5.316531276878189161e-01
5.248330296017229557e-01
5.208700639349932437e-01
5.166282026469707356e-01
5.281592950149870402e-01
5.305721574916025807e-01
5.409257062235657276e-01
5.490745854219549749e-01
5.536548544877561984e-01
5.609578266739845276e-01
5.640677070648937308e-01
5.671877570870057506e-01
5.683900082734882897e-01
5.627662493714264969e-01
5.684716078392464400e-01
5.709512452392474513e-01
5.703534544275624674e-01
5.802404110539046700e-01
5.872702900458265374e-01
5.976043280436477145e-01
6.143003199809700110e-01
6.201328075434447973e-01
6.244958788334242783e-01
6.266369110403152698e-01
6.204833259820475844e-01
6.132828478803276084e-01
6.017599261299831914e-01
5.891984008430015685e-01
5.759382717311382072e-01
5.664804125835578574e-01
5.609414320045370550e-01
5.621360575200103904e-01
5.602871013635938313e-01
5.637399801984429581e-01
5.720971890983461705e-01
5.762893724239478432e-01
5.748147893951743859e-01
5.849444598344892832e-01
5.866418080890308806e-01
5.885167878545951581e-01
5.867156604947769694e-01
5.841128264686891169e-01
5.810900404168343192e-01
5.765900329094041377e-01
5.743834793294241292e-01
5.658238857846569214e-01
5.610722189194687903e-01
5.691767180259427183e-01
5.707724340969607679e-01
5.738968191435560584e-01
5.814725363500488076e-01
5.889964373964889921e-01
5.848638204359771775e-01
5.815870407223701077e-01
5.812121015982796290e-01
5.786795048043131828e-01
5.726457875337183090e-01
5.603716067271307111e-01
5.601230406447460508e-01
5.617234622861476678e-01
5.673716330239849670e-01
5.711207708100909386e-01
5.824179495735973822e-01
5.917904345111714148e-01
5.972584263327416210e-01
6.145741084421222356e-01
6.189609084321164856e-01
6.204569951392883143e-01
6.210340641877230006e-01
6.251263171656146200e-01
6.361648182732513312e-01
6.442523429669985147e-01
6.507027261419060515e-01
6.601027094759046587e-01
6.791116306676140413e-01
6.896727324869388331e-01
7.043797090262561289e-01
7.270874636933991608e-01
7.510656030972798769e-01
7.599189265354259204e-01
7.796731501409451814e-01
7.938828795320458376e-01
8.080310376597122923e-01
8.118886453764778688e-01
8.233718202597852809e-01
8.358775894431507147e-01
8.405538090129396345e-01
8.353655247977285203e-01
8.328977919541872277e-01
8.432993530295789242e-01
8.507655556239779315e-01
8.426128957540758302e-01
8.518789220051686817e-01
8.745515455802281846e-01
8.803340848219596282e-01
8.707701363440217834e-01
8.649315447138067325e-01
8.533276798469680013e-01
8.402247819033535903e-01
8.299932391555221445e-01
8.199281956789628012e-01
7.982788561628415547e-01
7.863641235173917110e-01
7.847560656070708962e-01
7.792010240408838717e-01
7.720657276610533026e-01
7.717011678726115598e-01
7.602875135515047011e-01
7.550255258878072473e-01
7.436170049689032613e-01
7.470568432364352862e-01
7.368879442413648340e-01
7.390358949579843850e-01
7.382428549230098946e-01
7.256223773344968597e-01
7.163841469507468140e-01
7.067832213801306107e-01
7.170011409454875029e-01
7.029963093144553365e-01
7.120433064068064644e-01
7.198458322972962620e-01
7.292719325050711632e-01
7.152689108925480710e-01
7.097314248482385901e-01
6.921725643092188074e-01
6.719688358051436605e-01
6.532563081494083823e-01
6.332988395140721760e-01
6.071692866086959572e-01
5.535102306554714469e-01
5.181221670430639081e-01
4.787948978218165563e-01
4.572727715685254157e-01
4.648610785603523032e-01
4.606791452357643646e-01
4.390072921911875592e-01
4.128863101496416110e-01
3.856822839006781578e-01
3.369991312424341912e-01
2.807889700468097494e-01
2.208012073085858229e-01
1.459021136785546846e-01
9.641381691802632103e-02
5.041499286890029768e-02
3.008134497536553431e-02
-1.633168198168277740e-02
-6.778705120086669922e-02
-1.876977706948916025e-01
-2.354817599058151301e-01
-2.293903715908527374e-01
-1.471069653828938895e-01
-2.063435390591621399e-01
