1.000000000889621488e+00
9.539228227734565246e-01
9.171857393566688055e-01
8.864224227991971405e-01
8.607520064726699172e-01
8.344252718498512689e-01
8.111415403775680266e-01
7.824740135783002648e-01
7.571524337628962043e-01
7.299151774301814166e-01
7.082992182040089846e-01
6.840860829345489780e-01
6.593297536056192953e-01
6.464795374925783600e-01
6.288920723195661200e-01
6.065338564616057360e-01
5.851872877696076003e-01
5.599719625340936480e-01
5.330629863781355393e-01
5.178661698086576282e-01
4.985520483627503552e-01
4.733263403177261353e-01
4.522358284191379529e-01
4.342598949632283101e-01
4.170191852681043865e-01
4.017105959779159741e-01
3.870681611554963042e-01
3.738345738457537482e-01
3.562348824791136681e-01
3.333967361940330942e-01
3.142056747486716706e-01
2.987396774375263298e-01
2.844846415713693788e-01
2.742478130828766569e-01
2.565914904085283554e-01
2.362526873328599508e-01
2.130757459185340097e-01
1.935098221207537383e-01
1.730986745810947636e-01
1.497100697439393835e-01
1.245963128734819680e-01
9.994151252321899215e-02
7.327256703151846517e-02
4.079840902852106821e-02
6.464271835840431323e-03
-3.154492096450084437e-02
-6.862970335829642055e-02
-9.942266964293144937e-02
-1.262429155214549736e-01
-1.506892548579918667e-01
-1.738486110868043555e-01
-1.872874765098094807e-01
-1.951859776030650806e-01
-2.085070311268036325e-01
-2.246014750404219940e-01
-2.343809422909294837e-01
-2.502764075480658490e-01
-2.623908577693833122e-01
-2.815667236080536262e-01
-3.031011806197569380e-01
-3.284192885807220019e-01
-3.498730507679283508e-01
-3.748485733815234422e-01
-3.971365973677324357e-01
-4.234976234580696275e-01
-4.483621942208093625e-01
-4.687632057953763920e-01
-4.802897675379888542e-01
-4.859830760642102065e-01
-4.956753593728397966e-01
-5.110024303937231727e-01
-5.216898952252589927e-01
-5.319866860906282691e-01
-5.441739204688929021e-01
-5.511177687898395350e-01
-5.556213045640597814e-01
-5.639911011457443557e-01
-5.802083602475542889e-01
-5.940647954499818084e-01
-5.982366985962038752e-01
-5.990961068425296743e-01
-5.966429196919004196e-01
-5.856450030407985841e-01
-5.733632860168561551e-01
-5.622825746098135680e-01
-5.503721631549555182e-01
-5.412022055491156891e-01
-5.281825707980284390e-01
-5.159668431213472184e-01
-5.012735487627131281e-01
-4.846303736841356402e-01
-4.611500333655964012e-01
-4.390872093515658658e-01
-4.133366207005800819e-01
-3.792631846164988829e-01
-3.440841345713948063e-01
-3.146465749258086642e-01
-2.971961163700773123e-01
-2.783238524028542882e-01
-2.563420468758718651e-01
-2.433888261197227065e-01
-2.299258408695459277e-01
-2.251937551931901538e-01
-2.199086617222245910e-01
-2.115683207653232534e-01
-1.924737999991824322e-01
-1.781368233655628297e-01
-1.472947260146920956e-01
-1.150561110066470327e-01
-7.797700774086557818e-02
-4.906207822508864419e-02
-1.271276962425973642e-02
1.463200250807940306e-02
4.077209261330691503e-02
5.765525480710911865e-02
7.402656236013700763e-02
9.229899682104587832e-02
1.010629454893725299e-01
1.183644807841404412e-01
1.327577039241654433e-01
1.534746452982043152e-01
1.611126219853758756e-01
1.737707283677934200e-01
1.843497351958201524e-01
2.083516151874096334e-01
2.384309471633873356e-01
2.703975163896878420e-01
2.895194638419795741e-01
3.121079871915791171e-01
3.320276027338372460e-01
3.399011133842065324e-01
3.502213359943457949e-01
3.668792018855827619e-01
3.905156439937212953e-01
4.081928985777185659e-01
4.236280780962922154e-01
4.415090124194438470e-01
4.524794018361717463e-01
4.610716453383839064e-01
4.776979264232419919e-01
4.873936349739793616e-01
5.069714675967892381e-01
5.324193152709532084e-01
5.484819324879810498e-01
5.557994835993700367e-01
5.637449056708386808e-01
5.673703051426194355e-01
5.749616088966528205e-01
5.692326724529266357e-01
5.672256482335237271e-01
5.794831298876041981e-01
5.995162817835807401e-01
6.240288180356122760e-01
6.470380173996090889e-01
6.554952622094052384e-01
6.607590593883524432e-01
6.690633774217632501e-01
6.717090260830115289e-01
6.720599990424721559e-01
6.648344067590576945e-01
6.692790934225407717e-01
6.603397699072957039e-01
6.555211452337411648e-01
6.620887537535867784e-01
6.571685107978614271e-01
6.396405415402518502e-01
6.303019212824957362e-01
6.235361846492570859e-01
6.323750118414560584e-01
6.167095461860299110e-01
6.063768849257500371e-01
6.048719589908917449e-01
5.742430769163986426e-01
5.470337157270738215e-01
5.145083017371319123e-01
4.784454250564941780e-01
4.486692734062671661e-01
4.051703926331053363e-01
3.870650356554466986e-01
3.680034648965705424e-01
3.548338934779167175e-01
3.549780167639255413e-01
3.502002613324868285e-01
3.465189927568038120e-01
3.285970028270693288e-01
2.939806622453033924e-01
2.714324131608009116e-01
2.398470565676689148e-01
1.965153423639444119e-01
1.391507511337598257e-01
7.799173722212965343e-02
3.732240721583366533e-02
1.001281539599100691e-02
-2.919450402259826660e-02
-1.020280378205435691e-02
-4.310368249813715906e-03
6.587183177471160611e-02
1.176751218736171722e-01
1.779779940843582153e-01
2.596110850572586060e-01
