-4.760963618755340576e-01 -2.725357711315155029e-01 -6.652517318725585938e-01
-6.808332204818725586e-01 -4.896438717842102051e-01 -4.087916016578674316e-01
-6.490582972764968872e-02 -1.316286623477935791e-01 6.460030376911163330e-02
1.522595882415771484e-01 4.792170971632003784e-02 -1.104492619633674622e-01
8.651876449584960938e-02 -5.990934744477272034e-02 1.722064465284347534e-01
-2.876047510653734207e-03 -1.537495553493499756e-01 -2.182833850383758545e-01
-2.619152665138244629e-01 4.231713339686393738e-02 -1.433714479207992554e-01
-5.347827449440956116e-02 -4.574871659278869629e-01 -4.318840503692626953e-01
-8.606602996587753296e-02 1.161874830722808838e-01 -1.588917151093482971e-02
2.845027670264244080e-02 -4.289371427148580551e-03 -1.482070386409759521e-01
2.135006338357925415e-01 -7.884407788515090942e-02 2.764196097850799561e-01
-1.067659445106983185e-02 -1.024476662278175354e-01 3.218155801296234131e-01
4.867040812969207764e-01 -8.866411447525024414e-02 -2.059500813484191895e-01
-1.351456791162490845e-01 5.854398012161254883e-03 4.921956360340118408e-02
-2.481710761785507202e-01 -2.615911662578582764e-01 -7.627687603235244751e-02
-8.017943054437637329e-02 -1.646854565478861332e-03 1.540697515010833740e-01
3.078306317329406738e-01 4.507195055484771729e-01 3.101781308650970459e-01
5.393606424331665039e-01 5.490495562553405762e-01 4.860539734363555908e-01
8.571759462356567383e-01 7.700012326240539551e-01 7.762755155563354492e-01
7.627764344215393066e-01 8.557507395744323730e-01 9.489510655403137207e-01
9.723790884017944336e-01 8.717325925827026367e-01 9.291337728500366211e-01
6.915285587310791016e-01 7.253251671791076660e-01 5.506100654602050781e-01
7.057135701179504395e-01 6.430529952049255371e-01 6.033853888511657715e-01
6.463633179664611816e-01 5.646325945854187012e-01 6.653218865394592285e-01
7.626032829284667969e-01 8.264914751052856445e-01 8.319888710975646973e-01
5.086972713470458984e-01 4.471767842769622803e-01 8.345462679862976074e-01
4.192473292350769043e-01 5.517529845237731934e-01 4.750358760356903076e-01
2.839126288890838623e-01 2.705992460250854492e-01 2.487702071666717529e-01
3.256737887859344482e-01 1.298745423555374146e-01 1.927269101142883301e-01
4.478292167186737061e-01 1.555181890726089478e-01 -1.213110238313674927e-01
-9.946325421333312988e-02 -2.258654683828353882e-01 -2.201352566480636597e-01
-8.197249472141265869e-02 -5.907703191041946411e-02 -2.868277207016944885e-02
-1.773150712251663208e-01 1.162091046571731567e-01 2.904694080352783203e-01
3.517867922782897949e-01 5.463380813598632812e-01 4.546431005001068115e-01
2.074208259582519531e-01 3.391549587249755859e-01 3.785266876220703125e-01
1.381193250417709351e-01 3.464372456073760986e-01 2.945072948932647705e-01
3.193633258342742920e-01 1.234513297677040100e-01 1.764522790908813477e-01
3.143855929374694824e-02 1.283895969390869141e-01 2.137033455073833466e-02
4.075952172279357910e-01 3.340924382209777832e-01 3.938477635383605957e-01
5.227732062339782715e-01 5.693184733390808105e-01 5.877650976181030273e-01
5.310029387474060059e-01 5.487672090530395508e-01 6.982569694519042969e-01
6.548172235488891602e-01 5.645924806594848633e-01 2.544009983539581299e-01
8.563559055328369141e-01 9.267135262489318848e-01 7.349256873130798340e-01
7.157960534095764160e-01 8.544931411743164062e-01 8.366450071334838867e-01
8.941453099250793457e-01 9.437304735183715820e-01 9.835252761840820312e-01
9.661672711372375488e-01 9.250193834304809570e-01 9.844239950180053711e-01
9.702067375183105469e-01 9.896364808082580566e-01 8.601313233375549316e-01
8.946219682693481445e-01 9.365228414535522461e-01 8.556702136993408203e-01
9.285871982574462891e-01 9.729161858558654785e-01 9.886172413825988770e-01
9.855517745018005371e-01 8.304421901702880859e-01 8.197227120399475098e-01
7.850367426872253418e-01 8.269186615943908691e-01 8.375381827354431152e-01
6.605191826820373535e-01 6.942968368530273438e-01 5.938524007797241211e-01
4.519716203212738037e-01 4.783201217651367188e-01 5.359284877777099609e-01
8.695026636123657227e-01 7.797709703445434570e-01 7.525233030319213867e-01
8.199151754379272461e-01 5.369208455085754395e-01 6.865004897117614746e-01
2.625355124473571777e-01 2.593944370746612549e-01 6.490163207054138184e-01
3.685382604598999023e-01 6.572661548852920532e-02 -4.577138274908065796e-02
-2.587029943242669106e-03 1.604087203741073608e-01 3.872052431106567383e-01
6.976224184036254883e-01 8.687002062797546387e-01 8.994441628456115723e-01
8.358531594276428223e-01 8.313230872154235840e-01 8.489130139350891113e-01
4.862414300441741943e-01 6.015409827232360840e-01 5.652981400489807129e-01
6.238521337509155273e-01 4.503148198127746582e-01 3.135440945625305176e-01
2.313129603862762451e-01 4.391349256038665771e-01 2.510156035423278809e-01
7.069105505943298340e-01 5.594360232353210449e-01 6.516425609588623047e-01
5.558817982673645020e-01 7.306383848190307617e-01 7.517253756523132324e-01
7.630278468132019043e-01 8.234546780586242676e-01 7.127001881599426270e-01
6.431217193603515625e-01 5.185016393661499023e-01 4.252448976039886475e-01
7.145254015922546387e-01 5.277807116508483887e-01 4.579984247684478760e-01
6.077843308448791504e-01 5.746871829032897949e-01 6.420068144798278809e-01
6.784858703613281250e-01 7.917083501815795898e-01 9.467282295227050781e-01
8.609431385993957520e-01 9.289255738258361816e-01 9.568382501602172852e-01
8.876452445983886719e-01 9.870561957359313965e-01 9.455741643905639648e-01
9.913948178291320801e-01 9.195092916488647461e-01 9.481505155563354492e-01
9.742231369018554688e-01 8.927071690559387207e-01 9.817022085189819336e-01
9.105694293975830078e-01 9.879857301712036133e-01 9.056526422500610352e-01
9.038576483726501465e-01 7.378513813018798828e-01 8.232945799827575684e-01
8.908771276473999023e-01 8.762645721435546875e-01 8.067661523818969727e-01
8.919941186904907227e-01 9.379791617393493652e-01 9.242470860481262207e-01
8.413409590721130371e-01 9.832641482353210449e-01 9.571714401245117188e-01
9.917123913764953613e-01 9.358776807785034180e-01 4.654796421527862549e-01
4.672522246837615967e-01 7.927228212356567383e-01 8.600471615791320801e-01
8.375307917594909668e-01 8.018963336944580078e-01 8.086737990379333496e-01
8.385744094848632812e-01 7.987672686576843262e-01 6.466590762138366699e-01
7.269151210784912109e-01 8.252369165420532227e-01 9.670289158821105957e-01
-1.999671608209609985e-01 -2.587010264396667480e-01 -1.316222697496414185e-01
-1.552484333515167236e-01 -1.734658926725387573e-01 -3.645746409893035889e-01
-4.430478811264038086e-01 -3.033920228481292725e-01 -1.688335537910461426e-01
-2.081772238016128540e-01 -3.768854439258575439e-01 -1.367858350276947021e-01
-2.263037413358688354e-01 -1.305011063814163208e-01 -4.801240265369415283e-01
-4.468147158622741699e-01 -3.150969147682189941e-01 -4.692343175411224365e-01
-2.629187107086181641e-01 -2.272519171237945557e-01 -4.561185836791992188e-02
-1.607103198766708374e-01 -3.179170489311218262e-01 -3.762058019638061523e-01
-6.134409904479980469e-01 -5.501872897148132324e-01 -5.461477041244506836e-01
-7.502700090408325195e-01 -7.196760177612304688e-01 -7.908059358596801758e-01
-8.661056756973266602e-01 -8.746390342712402344e-01 -7.977297902107238770e-01
-4.938128292560577393e-01 -6.176258325576782227e-01 -5.745810270309448242e-01
-3.014269769191741943e-01 -8.389604687690734863e-01 -6.973533630371093750e-01
-9.554113745689392090e-01 -9.657537341117858887e-01 -7.591806650161743164e-01
-8.958742022514343262e-01 -9.629382491111755371e-01 -9.960355162620544434e-01
-9.967771172523498535e-01 -9.870493412017822266e-01 -9.090294837951660156e-01
-6.469647288322448730e-01 -2.054551690816879272e-01 -3.078795075416564941e-01
-1.021741777658462524e-01 8.629339188337326050e-02 2.076013535261154175e-01
1.697606593370437622e-01 2.127123475074768066e-01 2.789880633354187012e-01
1.702371984720230103e-01 2.547688484191894531e-01 -3.437856212258338928e-02
-3.119540028274059296e-02 -2.173541933298110962e-01 2.714802920818328857e-01
1.485455036163330078e-01 4.011667370796203613e-01 5.217188596725463867e-01
4.392763376235961914e-01 2.294568121433258057e-01 2.661483585834503174e-01
-1.737631158903241158e-03 5.578880384564399719e-02 2.222731560468673706e-01
6.950300186872482300e-02 2.192437052726745605e-01 3.563162982463836670e-01
4.802921414375305176e-01 7.221360802650451660e-01 3.062188923358917236e-01
6.744107604026794434e-01 6.044033169746398926e-01 6.018041372299194336e-01
6.775326728820800781e-01 5.476987957954406738e-01 2.044969201087951660e-01
3.907857537269592285e-01 3.467418253421783447e-01 2.175245881080627441e-01
1.074005886912345886e-01 3.916951268911361694e-02 -3.019487857818603516e-01
-8.510760217905044556e-02 -3.216944932937622070e-01 -2.292400598526000977e-01
-2.101664245128631592e-01 -4.467478990554809570e-01 -1.882499307394027710e-01
3.733935356140136719e-01 -1.018809899687767029e-01 -3.089025616645812988e-01
-2.434899806976318359e-01 -3.963458240032196045e-01 -3.398317396640777588e-01
-4.041219949722290039e-01 -3.422487676143646240e-01 -4.537025094032287598e-01
-4.304295480251312256e-01 1.328026689589023590e-02 -2.429665029048919678e-01
-4.360647201538085938e-01 -1.339825987815856934e-01 -2.295373529195785522e-01
-1.245720535516738892e-01 -3.280992209911346436e-01 -8.848005533218383789e-01
-7.845645546913146973e-01 -5.098751187324523926e-01 -3.243499696254730225e-01
-1.589037477970123291e-01 1.812149584293365479e-01 -2.405813708901405334e-02
1.217736825346946716e-01 2.466281205415725708e-01 3.070329725742340088e-01
2.069029808044433594e-01 1.480745617300271988e-02 1.162886619567871094e-02
