9.999999884349196622e-01
9.594926145672798556e-01
9.334963092851877864e-01
9.092095081854347782e-01
8.839855174425289563e-01
8.524246002946581635e-01
8.324257998894422084e-01
8.034179428803551737e-01
7.795390951123879475e-01
7.559644676512107253e-01
7.338138411494450342e-01
7.072302892608077762e-01
6.856985585320563015e-01
6.668766428855188444e-01
6.483387642684467211e-01
6.316956066556514982e-01
6.152389562411888502e-01
6.038957143242916770e-01
5.800530490735189559e-01
5.578555648962220115e-01
5.350758132848950632e-01
5.122097337825430863e-01
4.887749683632198194e-01
4.694606372563356889e-01
4.431684925562917599e-01
4.251421454828232527e-01
4.023455307313373863e-01
3.763439403177806231e-01
3.457448590180777215e-01
3.227610473715981643e-01
2.929626158956024629e-01
2.622689401840462287e-01
2.325020635875283681e-01
2.011186570993491463e-01
1.690935361572725448e-01
1.466931786208626742e-01
1.216378334119464361e-01
9.788304688863275205e-02
7.619093857888430132e-02
5.815499535773271250e-02
4.199849400866013244e-02
2.875614858348853747e-02
1.232956963702567729e-02
-9.794647062692460673e-03
-3.252312059330332572e-02
-5.062246707100898774e-02
-6.582886927550839207e-02
-8.142975316225707638e-02
-9.834576880230623541e-02
-1.080872450072906527e-01
-1.198140245473740123e-01
-1.271638337026039789e-01
-1.364210601771037867e-01
-1.453350191004574299e-01
-1.474523608933906160e-01
-1.479323367932683930e-01
-1.547197831473473839e-01
-1.584513072545329637e-01
-1.628604834000547397e-01
-1.649003717130128888e-01
-1.731775454674840953e-01
-1.829824935112680795e-01
-1.910849845827483351e-01
-1.999468777220750337e-01
-2.056849309562766570e-01
-2.101709131452748069e-01
-2.125920395677288466e-01
-2.134298192920969506e-01
-2.180588327180174035e-01
-2.294043809895149610e-01
-2.391479885639295755e-01
-2.519885327666998021e-01
-2.647817817466088242e-01
-2.814721587346866727e-01
-2.932045020339057451e-01
-3.097123226949146657e-01
-3.173772201612591881e-01
-3.211161002456661140e-01
-3.259939940540286796e-01
-3.340311550275712471e-01
-3.336775795795208222e-01
-3.297855746699497326e-01
-3.278948406399297966e-01
-3.299686514488342493e-01
-3.281436223441209776e-01
-3.271980503863045064e-01
-3.323773281081863207e-01
-3.389196372999433993e-01
-3.466698715516852158e-01
-3.517769575701095164e-01
-3.552009680534939373e-01
-3.554431953382762854e-01
-3.598431061884952431e-01
-3.615841956602202645e-01
-3.658397647543488174e-01
-3.570342672953628060e-01
-3.488199699492681716e-01
-3.369892193183589568e-01
-3.245354473446179222e-01
-3.101584748456291396e-01
-3.003824030482533103e-01
-2.896800787746906525e-01
-2.707236567606227662e-01
-2.542794975927289425e-01
-2.403163596910914135e-01
-2.256081766293694668e-01
-2.169185183942317907e-01
-2.077800463290607746e-01
-2.015123038041976289e-01
-1.915316313262218906e-01
-1.862570780155422823e-01
-1.783521493275960212e-01
-1.778843245060925948e-01
-1.806909858503124855e-01
-1.827844471681392136e-01
-1.874193161466093938e-01
-2.006216008435277309e-01
-2.071799184195697308e-01
-2.154363742075770805e-01
-2.211665120430109099e-01
-2.228861129670231533e-01
-2.244362413883209117e-01
-2.235763022511065845e-01
-2.192508774594618681e-01
-2.141502550863600418e-01
-2.104227662478622696e-01
-2.102599865694840808e-01
-2.123603618426902762e-01
-2.155179886070832940e-01
-2.186271641920838060e-01
-2.195094789732509877e-01
-2.219258638897112501e-01
-2.230958828392128057e-01
-2.363911814549390089e-01
-2.478806376457214355e-01
-2.717726988097031726e-01
-2.887475296854972728e-01
-3.034915782045572996e-01
-3.292607388917415667e-01
-3.437304862083927492e-01
-3.542290309169253137e-01
-3.684842099746068467e-01
-3.899561482465873086e-01
-4.191894026087789604e-01
-4.493552067300729536e-01
-4.787889649825436966e-01
-5.080334645780649749e-01
-5.309713658083368149e-01
-5.577705047040615316e-01
-5.750404395736180563e-01
-5.852180744210878638e-01
-5.948539030551910356e-01
-6.088646656396438095e-01
-6.063766526058316231e-01
-6.049180728323916290e-01
-6.303397982340791517e-01
-6.385305260618527878e-01
-6.435381627895615519e-01
-6.531331222071203868e-01
-6.603770970943427798e-01
-6.790120212770089925e-01
-6.956366531550883803e-01
-6.989260438161019051e-01
-7.069051246109762099e-01
-7.155814464833285538e-01
-7.151506650778982621e-01
-7.058626768844468158e-01
-6.965456118478494663e-01
-6.858081063537886379e-01
-6.665108464658260345e-01
-6.443888775763972898e-01
-6.225313683350880423e-01
-6.123499197178873255e-01
-6.266535733427319732e-01
-6.053219893602309609e-01
-6.064011030114040413e-01
-5.892876851558684903e-01
-5.686069919417301444e-01
-5.561795064612574668e-01
-5.237564749338410319e-01
-4.656836418878464445e-01
-4.545247279107570426e-01
-4.394874408056861359e-01
-3.976442840778165455e-01
-3.750633476849864478e-01
-3.860271261073648930e-01
-3.731799776355425591e-01
-3.571428385164056585e-01
-3.486414760924302358e-01
-3.271782877855002880e-01
-3.630914830348708211e-01
-3.867390178143977897e-01
-4.547593018247021446e-01
-5.134641677141189575e-01
-5.743424083505358491e-01
-6.112877726554870605e-01
-6.368801951408386008e-01
-6.715096533298492432e-01
-7.753697037696838379e-01
-7.885878980159759521e-01
