1.000000001779243197e+00
9.514741030335426286e-01
9.314239827831786167e-01
9.124395820227536591e-01
8.882149344470899877e-01
8.648976607590305177e-01
8.513837909087156319e-01
8.289175078887300874e-01
8.178143268499349361e-01
8.005930251286675903e-01
7.843385736667672914e-01
7.608710691332817300e-01
7.388659848895653415e-01
7.189637944894902155e-01
7.023766169892274869e-01
6.826276657201589826e-01
6.664394216763006584e-01
6.524737683003363209e-01
6.332688519700628849e-01
6.167239383231479799e-01
6.009171178245412692e-01
5.834267384062210571e-01
5.707956058228148555e-01
5.653283003759518310e-01
5.540879105065165122e-01
5.478678290012546359e-01
5.362647462742669013e-01
5.179416012960946780e-01
5.104470670309370073e-01
4.898246381605087518e-01
4.788802391822226667e-01
4.673098249908755886e-01
4.534500500506903342e-01
4.369872368073889346e-01
4.212033799263888434e-01
4.036577085302357482e-01
3.867427479814399272e-01
3.667010357149126931e-01
3.494213994341028307e-01
3.272087411196143436e-01
3.115074013140029519e-01
2.930989191634580382e-01
2.775084965762758538e-01
2.563456477055066629e-01
2.399115057982456889e-01
2.275118731941359052e-01
2.124178283036716464e-01
1.977689556366243884e-01
1.853965590494910110e-01
1.718248214180532196e-01
1.635039744664304184e-01
1.583728930943955893e-01
1.483674647674064484e-01
1.485402562177261798e-01
1.437781931084840537e-01
1.375641216817375667e-01
1.381061526208088308e-01
1.334727547234959011e-01
1.290756527568910628e-01
1.264444471559894034e-01
1.231790568204002151e-01
1.137523604024733848e-01
1.106568752727705857e-01
1.073789316755921902e-01
1.090772120540376977e-01
1.067265929818591585e-01
1.151892435219552813e-01
1.201289277245749243e-01
1.319120940017072807e-01
1.397706328355001748e-01
1.459475824381011588e-01
1.469731775040809818e-01
1.550470683434905794e-01
1.537422612891532481e-01
1.587086581720376643e-01
1.584480361687758687e-01
1.618720079511404009e-01
1.630580403181093319e-01
1.654311135956426926e-01
1.589837041912508797e-01
1.558889545315553238e-01
1.487726038942734363e-01
1.447480195867163755e-01
1.441988680053944427e-01
1.402053995073860582e-01
1.413907872769853136e-01
1.432282802851303771e-01
1.436502102827816596e-01
1.368062637449629637e-01
1.332046434441248872e-01
1.302297023703923029e-01
1.287898506461219450e-01
1.205945463868182688e-01
1.180038225526611056e-01
1.178881297949875562e-01
1.160973581257012666e-01
1.120463756933098715e-01
1.136490158521785143e-01
1.139892912243755108e-01
1.160748494679436915e-01
1.211600837731125341e-01
1.266122163087129715e-01
1.370365712979827177e-01
1.380550785712441608e-01
1.512573456257274573e-01
1.537436718742052622e-01
1.515717188386540570e-01
1.508906710338085155e-01
1.527742399804053741e-01
1.434942432881697316e-01
1.382752031415373506e-01
1.351239124933878710e-01
1.327505121740062688e-01
1.305824619802561648e-01
1.216675764185258662e-01
1.055296720980211794e-01
8.942956135553471742e-02
6.933838683402254732e-02
5.041027547095913719e-02
2.967553513079154714e-02
1.470936328908543575e-02
-4.018270876258611679e-03
-1.842922017072574914e-02
-2.077009122914228595e-02
-2.460668419862722250e-02
-3.752884621682919808e-02
-3.989762792984644785e-02
-4.771542216877679848e-02
-5.934256560181918466e-02
-7.829824400444825028e-02
-8.562998777963745645e-02
-9.837783383471625231e-02
-1.067500816307206113e-01
-1.199720699120970374e-01
-1.360698917241238703e-01
-1.664314754307270050e-01
-1.749523254541250350e-01
-1.921876755368430167e-01
-2.068262969158471687e-01
-2.246623827339780943e-01
-2.337753902815404572e-01
-2.515246092652281273e-01
-2.623316765273526752e-01
-2.831417950801551342e-01
-3.084574895012274220e-01
-3.428363255724044545e-01
-3.641465397382324665e-01
-3.862900187571843280e-01
-4.250714638674596424e-01
-4.367083960141127097e-01
-4.531489571592971499e-01
-4.771270691603421987e-01
-4.960674432163335590e-01
-5.083161868775883940e-01
-5.300662679241058273e-01
-5.353793919734333162e-01
-5.452416486210293067e-01
-5.565861405974085185e-01
-5.610042858955471834e-01
-5.617834393467221465e-01
-5.740392360745406597e-01
-5.694525407627224478e-01
-5.663231269289286107e-01
-5.631701609021738664e-01
-5.617799811266563914e-01
-5.689980383548471909e-01
-5.745072790554591746e-01
-5.845861732959747314e-01
-5.794747539541937886e-01
-5.866958498954772949e-01
-6.007750986083861822e-01
-6.166330824295679358e-01
-6.226942526369259046e-01
-6.390899653945650849e-01
-6.450719358744444465e-01
-6.628695187660363919e-01
-6.737054586410522461e-01
-6.522084039946397516e-01
-6.184129896371260982e-01
-5.796963633461431620e-01
-5.303967101942925755e-01
-4.890656284987926483e-01
-4.470990033526169860e-01
-4.243720140722062606e-01
-3.834520486347815504e-01
-3.533033612184226513e-01
-3.335418234268824333e-01
-3.192481365320937736e-01
-2.756294370987094622e-01
-2.253681610648830824e-01
-1.748575554652647412e-01
-1.429036252200603374e-01
-4.827791452407836914e-02
1.871861983090639114e-03
1.189724089843886279e-01
1.739948019385337830e-01
2.190430991351604573e-01
2.294758353382349014e-01
4.618690609931945801e-01
4.174187779426574707e-01
