9.999999899176222895e-01
9.594252911210060519e-01
9.371967522343199741e-01
9.180075639125072628e-01
8.949571911453595430e-01
8.692138102285715817e-01
8.458923689829997983e-01
8.182049384436655970e-01
7.988669264656274027e-01
7.735920967534184456e-01
7.563327543086406646e-01
7.421323248038166343e-01
7.213515036951296810e-01
7.054728994027097411e-01
6.912964892419264373e-01
6.770629924071090988e-01
6.623454658767661263e-01
6.457844931915726061e-01
6.298991938024922632e-01
6.137067540906943064e-01
5.965539993337505287e-01
5.812702237731880439e-01
5.706583291458684482e-01
5.607352144179049702e-01
5.419161802968063268e-01
5.269649868026714534e-01
5.153968815079756904e-01
5.010865459796683963e-01
4.844197986184516913e-01
4.700211201426248153e-01
4.546902183857228774e-01
4.371122086311087784e-01
4.249941597213230393e-01
4.140864055315476300e-01
4.020128949004376229e-01
3.872580143387417961e-01
3.717020984851952536e-01
3.610119941848807246e-01
3.504030582455038290e-01
3.435503487923630694e-01
3.343066036330987201e-01
3.351889004232361802e-01
3.320625961389181979e-01
3.322668677797140369e-01
3.247637008168515194e-01
3.273599260510542397e-01
3.312362671979973139e-01
3.297982886675503433e-01
3.308292993776548729e-01
3.341141183076328236e-01
3.383620959885467738e-01
3.448501996695995109e-01
3.470993007489499016e-01
3.490899693774613399e-01
3.470338846803928123e-01
3.473523042279563766e-01
3.438525079139347906e-01
3.426185593319435729e-01
3.421768031858063996e-01
3.399625065356073339e-01
3.463719666849636725e-01
3.516102188399859996e-01
3.564092747920708515e-01
3.562149324224910818e-01
3.594792020391591181e-01
3.579503718544455038e-01
3.647948007823692551e-01
3.614565400378917381e-01
3.606317131254905828e-01
3.687225665445580391e-01
3.745741672984516102e-01
3.844461105763912201e-01
3.923791731281798256e-01
4.078384024905972183e-01
4.219855226165666329e-01
4.352336712181568146e-01
4.514191077947616315e-01
4.695617409963761535e-01
4.833176019715099692e-01
4.939400885315214929e-01
5.046856779266487569e-01
5.109279478589693335e-01
5.121644040366181150e-01
5.120122709264189886e-01
5.132795923158653961e-01
5.152671631297160992e-01
5.153567916673162941e-01
5.140046674692839712e-01
5.149461480632292476e-01
5.217354297637939453e-01
5.185185132531432428e-01
5.253669893877073171e-01
5.339960663690479503e-01
5.443212364075912246e-01
5.525008211626070143e-01
5.644811260390956154e-01
5.772795154934837747e-01
5.877263434231281281e-01
5.920384788831460909e-01
5.970566485296276982e-01
6.043350001667985305e-01
6.102465894818306369e-01
6.120215311947495573e-01
6.242447178430703403e-01
6.289051546878421384e-01
6.276410628731051711e-01
6.300245245820597084e-01
6.348476616784612947e-01
6.318896063553389730e-01
6.277768000069520182e-01
6.248228022276045568e-01
6.259028828806347811e-01
6.260041422053669313e-01
6.170832939784635096e-01
6.170224645870855396e-01
6.192822653886883577e-01
6.167148604112513421e-01
6.258669768770536157e-01
6.353541593774255647e-01
6.440945549345598042e-01
6.563948218101336440e-01
6.673963159322738870e-01
6.823359633548350400e-01
6.939618425109447264e-01
7.053130516758212565e-01
7.050961575617915589e-01
7.085674750804901167e-01
6.981415055893562815e-01
6.975152698689943698e-01
6.857304620660014116e-01
6.812590033235684794e-01
6.715345395462853917e-01
6.631219653763632538e-01
6.500440180739935903e-01
6.416615728122084805e-01
6.226325001228939504e-01
6.188367724418639693e-01
6.119287866167724133e-01
5.868725926866606990e-01
5.807224736819344146e-01
5.818690809070087289e-01
5.666942842925588586e-01
5.589928366875244192e-01
5.528798288312452014e-01
5.537200930871462035e-01
5.442761724282588753e-01
5.397233674472028397e-01
5.460845941194781838e-01
5.511106314524164551e-01
5.551706096873834095e-01
5.661311565953142111e-01
5.722187018394470082e-01
5.767952516979101274e-01
5.776677106817563745e-01
5.793284439343087122e-01
5.816176128776177068e-01
5.868007474475436247e-01
5.977427383715455678e-01
6.012022311604300340e-01
6.119070223399570851e-01
6.310116692287165430e-01
6.410494077950715797e-01
6.591914265583722621e-01
6.722675518769967162e-01
6.888627949598673528e-01
7.102703667349286043e-01
7.230512908526829374e-01
7.381019837716046306e-01
7.433122875112475603e-01
7.478605266660451889e-01
7.572785096783791747e-01
7.621616065502166970e-01
7.656985387719911218e-01
7.752670177391597361e-01
7.746990080232973863e-01
7.774174419733194119e-01
7.690334212779998957e-01
7.686186085144678382e-01
7.834096615729124746e-01
7.677941525524313304e-01
7.286021383035750087e-01
7.144392102956771406e-01
7.142265391977209443e-01
6.894358959462907332e-01
6.584767979734084120e-01
6.400520820170640945e-01
6.225104490915934763e-01
5.723855538027626810e-01
5.220301162738066880e-01
4.554008866349856244e-01
3.750072528015483408e-01
2.425485923886299133e-01
1.296030249860551653e-01
7.486728206276893616e-02
-1.417777580874306741e-02
-5.244966348012288643e-02
-7.117763459682464877e-02
-1.304080896079540253e-01
-2.484323283036549979e-01
-3.640139997005462646e-01
