9.999999914003249168e-01
9.538660380244254888e-01
9.285515993084739739e-01
9.055047992504003940e-01
8.751005174847423795e-01
8.513001111925256881e-01
8.277616852369064082e-01
7.996438559644001298e-01
7.766682730283144265e-01
7.481562076912572357e-01
7.258525699845159718e-01
6.986077284342364635e-01
6.713581143942459750e-01
6.437709153570393417e-01
6.142686024547260315e-01
5.960736878777063152e-01
5.745623299600304268e-01
5.609319468393273445e-01
5.466170430264837288e-01
5.254774212755344287e-01
5.052441374620021408e-01
4.861903975614242923e-01
4.746124059294855035e-01
4.611824090132133902e-01
4.378500856922171169e-01
4.257924922064624251e-01
4.098424002528190391e-01
3.924886180922902978e-01
3.762177603502321888e-01
3.534756065887767473e-01
3.329198189646179751e-01
3.121921067728715693e-01
2.925808278061229339e-01
2.744059172192854779e-01
2.549357976831361783e-01
2.341364821396678397e-01
2.131035293142000964e-01
1.868359202621277526e-01
1.657413831609158561e-01
1.412546361946029339e-01
1.281813290085851709e-01
1.130400061258114847e-01
9.963478311990042746e-02
8.275868517311313344e-02
7.119212967379220935e-02
6.028953841768014410e-02
4.911428432791464099e-02
3.127882443368434906e-02
2.059543000083733158e-02
5.658053805267340350e-03
-3.319818537299897704e-03
-9.974357585112253455e-03
-1.625725082371808766e-02
-1.998832638098581305e-02
-2.668664771683362108e-02
-3.667641378786057338e-02
-4.410328322957302039e-02
-4.959928503053055715e-02
-5.670769814844731777e-02
-5.910996518189638727e-02
-6.656890005824413203e-02
-7.443814139281000608e-02
-8.013372292085517434e-02
-8.381660537713248038e-02
-8.185601995809234366e-02
-8.297355431953773452e-02
-7.476324927475717919e-02
-6.773494828992815409e-02
-5.364778486633658972e-02
-4.015163611620664597e-02
-3.959609376878001075e-02
-3.400749515455502719e-02
-3.222349655720614658e-02
-4.224979004357010126e-02
-3.311843213837916550e-02
-3.600645349139258711e-02
-3.899843436479568520e-02
-2.809435988385831223e-02
-2.742953580327150281e-02
-2.489790008937726312e-02
-2.739152595523960260e-02
-3.553696360128621307e-02
-4.541381389419196085e-02
-6.079550087451934814e-02
-7.419365676295043566e-02
-9.130382316251253738e-02
-1.053149740981019072e-01
-1.164326197549439279e-01
-1.343632866587259056e-01
-1.527892879343458465e-01
-1.687945433397282369e-01
-1.851294704458930351e-01
-2.036128074204156257e-01
-2.258830344071611762e-01
-2.365300172121725386e-01
-2.507495113806623155e-01
-2.638839999834696193e-01
-2.550238325941161510e-01
-2.567410085133267628e-01
-2.540650250408433286e-01
-2.436194147656459696e-01
-2.391645419597625832e-01
-2.302709083740759333e-01
-2.229619900867038929e-01
-2.145887107117888937e-01
-1.976927760600422912e-01
-1.876070159046273611e-01
-1.876109413445946894e-01
-1.796681674657970296e-01
-1.751759837422033894e-01
-1.747475824840776237e-01
-1.731160431686374901e-01
-1.674842484546511245e-01
-1.681406764228912942e-01
-1.761530722095363544e-01
-1.957668798520814657e-01
-2.095011207220308924e-01
-2.189687176031016036e-01
-2.287578602063368716e-01
-2.372255016390870386e-01
-2.437990879019101553e-01
-2.508037923835217953e-01
-2.469946386976332731e-01
-2.416976576503843954e-01
-2.364500797801203646e-01
-2.385159159373295978e-01
-2.480252155661583080e-01
-2.447689471111909876e-01
-2.480904117022475208e-01
-2.508211605664756316e-01
-2.435095756196639927e-01
-2.391938672933195398e-01
-2.352014392398405762e-01
-2.301043773836949358e-01
-2.267509209575937768e-01
-2.358869733571103133e-01
-2.340594343267954347e-01
-2.407761087524704635e-01
-2.334707040812760981e-01
-2.314807105689279387e-01
-2.176544490407724963e-01
-2.192429581036170194e-01
-2.225448196217165164e-01
-2.230967129098958002e-01
-2.345199253606168877e-01
-2.435790843862508104e-01
-2.443750114603475965e-01
-2.611504958045703373e-01
-2.731859495265866467e-01
-2.776586207776115534e-01
-2.814821652045436662e-01
-2.827559812366962633e-01
-2.864963519481980025e-01
-2.902346227007607804e-01
-2.957055075688564960e-01
-3.047276315805704794e-01
-3.048102613952424766e-01
-3.115803459659218788e-01
-3.054615034137007634e-01
-3.066229284519240705e-01
-3.241293835567264914e-01
-3.439904918894171604e-01
-3.743967513243357526e-01
-4.039000804094891595e-01
-4.463472014318245473e-01
-4.885005042370822448e-01
-5.074160652501242819e-01
-5.372965513345073774e-01
-5.640213049270890178e-01
-5.823427168652415276e-01
-5.966626650864078618e-01
-6.100524524847666941e-01
-6.374054104089736938e-01
-6.722939642412322225e-01
-6.879485133621427995e-01
-7.178522818363629598e-01
-7.340286266803741633e-01
-7.465323756138483313e-01
-7.457957630572111807e-01
-7.414833090522072734e-01
-7.177218766439528164e-01
-7.127227410674095154e-01
-7.142347724814164245e-01
-7.290772994359334680e-01
-7.395147611113155328e-01
-7.586347889155149460e-01
-7.590496699015299997e-01
-7.584207909447806539e-01
-7.273808121681213379e-01
-7.003641525904337195e-01
-6.871925050562078807e-01
-6.352384537458419800e-01
-5.701111886236402970e-01
-5.456805825233459473e-01
-5.042305460997990041e-01
-4.883503317832946777e-01
-4.955673754215240701e-01
-4.785763844847679138e-01
-4.499206840991973877e-01
-3.619568496942520142e-01
