9.999999896210817196e-01
9.538264042139052989e-01
9.287383836417940630e-01
9.056809600254501769e-01
8.824368255392549543e-01
8.610207716725311045e-01
8.433759098633741846e-01
8.241448900134292765e-01
8.117490744343693887e-01
7.948439756873995066e-01
7.772198916261733315e-01
7.582060468040014989e-01
7.385456907764944567e-01
7.204539988269197393e-01
7.041049126714946649e-01
6.843417625754110167e-01
6.695884643374262479e-01
6.548137331745870204e-01
6.380996436715289377e-01
6.239897171547125199e-01
6.039457594080525071e-01
5.903938918891880050e-01
5.777217975958099938e-01
5.749863337181256862e-01
5.591655737683598471e-01
5.516991875854067029e-01
5.420668741209165864e-01
5.241923204184263385e-01
5.120257098938343354e-01
4.916398340489628871e-01
4.788195268844651631e-01
4.643320881925961374e-01
4.479385163833403682e-01
4.313221401091487661e-01
4.144848440578597915e-01
3.957144630377192329e-01
3.797141573194301456e-01
3.592807151286340206e-01
3.399135881772070711e-01
3.185668580211055145e-01
3.039504901176283691e-01
2.881872695259516948e-01
2.723880308978962606e-01
2.545340330446068111e-01
2.375255660272565239e-01
2.228035681689969905e-01
2.121747265179310948e-01
1.939571658754116468e-01
1.806631692338223627e-01
1.678255366369787727e-01
1.603693526904314548e-01
1.583022897442181998e-01
1.484946010246772918e-01
1.467173613507199992e-01
1.450632996730455704e-01
1.385637496738401087e-01
1.355387407644041697e-01
1.309889803847504863e-01
1.249374643853911199e-01
1.235443710572492887e-01
1.165890216642449101e-01
1.099698084705908324e-01
1.002415171790894816e-01
9.654599025953507219e-02
9.753325668564677420e-02
9.336128294029656660e-02
9.822239853717662506e-02
1.079224852928474809e-01
1.147789459367443698e-01
1.256480949620405740e-01
1.269188091045117539e-01
1.318276838327829548e-01
1.374838106016549044e-01
1.367325951068778522e-01
1.397103281237009054e-01
1.421537458054011882e-01
1.430573921054601738e-01
1.473876595076533957e-01
1.495481125283532053e-01
1.431897399244738411e-01
1.403916564362108210e-01
1.388804544073840019e-01
1.349728034668359333e-01
1.324197999754194444e-01
1.307421662868597512e-01
1.319489116170282916e-01
1.379687168028043698e-01
1.344369532409728507e-01
1.326302324248626041e-01
1.272830785185630753e-01
1.258134024033138454e-01
1.254137314009395598e-01
1.211341878211279477e-01
1.137274410748095460e-01
1.192513636235043306e-01
1.181031047665285633e-01
1.138977586158684274e-01
1.186607490616062577e-01
1.185705652370036278e-01
1.216083729237902450e-01
1.314630910827971899e-01
1.298462922126054631e-01
1.373973141113916940e-01
1.425920357281456052e-01
1.532753824265961906e-01
1.563076985379060202e-01
1.560807531601504372e-01
1.540033038150756817e-01
1.513161200188821442e-01
1.441306813579538715e-01
1.383969571318600100e-01
1.376545056700706482e-01
1.332604655305321406e-01
1.321517185900699110e-01
1.195007439745568723e-01
1.072393878861222088e-01
8.745773631860227770e-02
6.914686943803514951e-02
4.710753746779568207e-02
2.703288960747602526e-02
1.183209172737451249e-02
-6.214738590642809868e-03
-2.366478958084613365e-02
-2.502192351489495106e-02
-3.068503219779435826e-02
-3.610086656714740772e-02
-3.996351987123489269e-02
-4.576787946594727818e-02
-5.311754876620149168e-02
-6.930102221667766571e-02
-7.795649955809956511e-02
-8.682476793016706551e-02
-9.275199580883634887e-02
-1.094040999955990801e-01
-1.248319264668137224e-01
-1.553992498101610109e-01
-1.688845079392194692e-01
-1.802494631847366691e-01
-1.993130840479381549e-01
-2.106318490038956437e-01
-2.196749611528681922e-01
-2.320977180885771818e-01
-2.501529328588206758e-01
-2.760402086865285098e-01
-3.068377850087065650e-01
-3.405673438683152199e-01
-3.688667008822614224e-01
-3.925332281807506485e-01
-4.252374810430238905e-01
-4.422613363713026047e-01
-4.564446628678078821e-01
-4.805451026558876237e-01
-5.038927679463308662e-01
-5.123946326784789562e-01
-5.347145745094786795e-01
-5.521762775986090999e-01
-5.587290386358897409e-01
-5.753444003110582683e-01
-5.743192543470582168e-01
-5.796767783661683771e-01
-5.843234331142611593e-01
-5.781719777733087540e-01
-5.599618091797217145e-01
-5.549401864409446716e-01
-5.563071454698974572e-01
-5.705661777820851821e-01
-5.690182251589638307e-01
-5.727038817370638801e-01
-5.773128072420755652e-01
-5.893776793964207172e-01
-6.027776541248444087e-01
-6.196632782618204383e-01
-6.226518750190734863e-01
-6.431785593075411978e-01
-6.497769576531869928e-01
-6.656517145725396878e-01
-6.684808254241942915e-01
-6.582532059401273727e-01
-6.335432386916616254e-01
-6.002323586832393199e-01
-5.583971415956815454e-01
-5.134982317686080933e-01
-4.628084543112077065e-01
-4.423846674876080742e-01
-4.054201477590729241e-01
-3.771190438419580460e-01
-3.526431744297345294e-01
-3.542962672987154393e-01
-3.197050684919723884e-01
-2.879729339232047214e-01
-2.480865798213265083e-01
-2.184717074036598150e-01
-1.373758411241902122e-01
-6.644338322803378105e-02
3.213140049151012173e-02
7.596112104753653671e-02
1.052960596978664426e-01
1.450600009411573410e-01
2.690917948881785260e-01
2.856696099042892456e-01
