9.999999958484326879e-01
9.565015470981598211e-01
9.322851485942476035e-01
9.083636550590244996e-01
8.857767887526962758e-01
8.589985731000803204e-01
8.367923061817120756e-01
8.083797103350924829e-01
7.885612030103417158e-01
7.592944644857198000e-01
7.376872979065510760e-01
7.136211492513355736e-01
6.881589629938678065e-01
6.604311776922103805e-01
6.337869934697839547e-01
6.141284822776753582e-01
5.930227369875521459e-01
5.741001193452140994e-01
5.626136517671288528e-01
5.421462458773300686e-01
5.208213605521792022e-01
5.022198025085445883e-01
4.900067230509645988e-01
4.771598680049515817e-01
4.545164113538076589e-01
4.377983681942251848e-01
4.235606913694313636e-01
4.029775929433860870e-01
3.837394455953829775e-01
3.601054858232220490e-01
3.418963341184004245e-01
3.201084274579497069e-01
3.004125479895334849e-01
2.837975603151356996e-01
2.630612367909111460e-01
2.395249521696423967e-01
2.188025070410786199e-01
1.891153882507507489e-01
1.685064548820805752e-01
1.442795360207925481e-01
1.271103718809737104e-01
1.169714051531627746e-01
9.853449227206362293e-02
8.027539281999762633e-02
6.681532786482838326e-02
5.384856233230003730e-02
4.337390890765574492e-02
3.002286833021547766e-02
1.900320293174849462e-02
9.906291391847557234e-03
6.725107202466749879e-04
-5.245864912867545700e-03
-1.191692194282608502e-02
-1.754268891857685420e-02
-2.234099501249741521e-02
-3.168333945030422927e-02
-3.626158771843746020e-02
-4.633092184344099473e-02
-5.129065573007076523e-02
-5.496448333519445006e-02
-6.354289488695191723e-02
-7.342091753546681199e-02
-7.726940901266585171e-02
-8.101749417466530545e-02
-7.815443178686401482e-02
-7.771341497188105629e-02
-7.415575291271563063e-02
-6.581397185018703078e-02
-5.401343535771943594e-02
-4.097299574112350101e-02
-4.490171438296332307e-02
-4.474759362637996396e-02
-4.350007194014944567e-02
-4.726614418905228376e-02
-4.094900249496219446e-02
-4.130558095990665562e-02
-4.406671661138534396e-02
-3.703220000851058236e-02
-3.805312920149749034e-02
-3.880187783573494503e-02
-4.271679371595382690e-02
-4.948061717053254399e-02
-5.720057000382607754e-02
-6.986099614177719574e-02
-8.485685386018365639e-02
-9.735358827586831909e-02
-1.083694075355711162e-01
-1.200756135870490182e-01
-1.395906176978508051e-01
-1.564379191009460934e-01
-1.660570411330407892e-01
-1.788745990107682704e-01
-1.983454491635528172e-01
-2.174527599579758053e-01
-2.330018546536704038e-01
-2.428482358326327084e-01
-2.568589331848280533e-01
-2.526397456486637605e-01
-2.518272342033756606e-01
-2.520180588277677880e-01
-2.444979383951366436e-01
-2.399904328957200017e-01
-2.328512753651599820e-01
-2.249285349033164627e-01
-2.181832929905120066e-01
-2.020450491691008210e-01
-1.965732661320974961e-01
-1.988022525973142385e-01
-1.939061328528388917e-01
-1.904742915750197718e-01
-1.892053052209890784e-01
-1.904082383546564228e-01
-1.907035484072867326e-01
-1.879316187802363425e-01
-1.976216218659076207e-01
-2.163383643641028364e-01
-2.298735232914195237e-01
-2.386357173146236577e-01
-2.457614403487329013e-01
-2.570798449763437854e-01
-2.622614189246554317e-01
-2.656252157408743875e-01
-2.659288800875597159e-01
-2.604470816560280899e-01
-2.578149669162638769e-01
-2.598533363228565651e-01
-2.701926715175310689e-01
-2.690971042658831802e-01
-2.674025821767441191e-01
-2.724142403652270450e-01
-2.698991579384031336e-01
-2.605173040181398281e-01
-2.498652647802795113e-01
-2.461186530725920918e-01
-2.444613349081865006e-01
-2.516242979150830061e-01
-2.490236133337020985e-01
-2.515935837873257697e-01
-2.438540206778617159e-01
-2.381729295537356461e-01
-2.319003073651282609e-01
-2.352901703367630548e-01
-2.386843496460025471e-01
-2.378660656254867056e-01
-2.452688402774041154e-01
-2.538673898338207335e-01
-2.586262769319794264e-01
-2.696231957525014877e-01
-2.815852977757183906e-01
-2.941756861714216464e-01
-2.938195222294798237e-01
-2.991107177734375067e-01
-3.108815359217779739e-01
-3.142935721358905421e-01
-3.193681824040856543e-01
-3.285347569895827324e-01
-3.339188921782705322e-01
-3.445482372560284556e-01
-3.425500512469646375e-01
-3.432475257487523912e-01
-3.580361055891688182e-01
-3.812292631715535896e-01
-4.029275324100103362e-01
-4.407779562630151360e-01
-4.839233373467986543e-01
-5.135758655766645697e-01
-5.335543790033885347e-01
-5.649564139106694194e-01
-5.939017148180441019e-01
-6.009293273091316223e-01
-6.163375843917170416e-01
-6.307075574994087663e-01
-6.430509018486944006e-01
-6.686362485800471100e-01
-6.825461089611053467e-01
-7.070082598007642050e-01
-7.342066204547882391e-01
-7.524742744863033295e-01
-7.639447243317313285e-01
-7.721826528961007741e-01
-7.510701985586256679e-01
-7.462034285068511741e-01
-7.539768767984289521e-01
-7.516357749700546265e-01
-7.543872121502371852e-01
-7.844644021242856979e-01
-7.861245830853780259e-01
-7.792950017111641703e-01
-7.606320610413184191e-01
-7.458220074574152259e-01
-7.471763870932839335e-01
-7.136791586875915749e-01
-6.358910004297891883e-01
-5.731547288596630096e-01
-5.258654228278568654e-01
-4.979988907774289264e-01
-4.975284159183502308e-01
-4.650168940424919128e-01
-4.018168548742930279e-01
-3.500724732875823975e-01
