9.999999928830275442e-01
9.571968713402747575e-01
9.315074355758015123e-01
9.090192643078890411e-01
8.835022305776625284e-01
8.531203932908116849e-01
8.303509328609858242e-01
8.015365303330814761e-01
7.761208505557917192e-01
7.542121036870715889e-01
7.332497209466565247e-01
7.047433110248101373e-01
6.851586039183000798e-01
6.633285507757930022e-01
6.451579610851996271e-01
6.288698936702423747e-01
6.129731738486805526e-01
5.992519945392141834e-01
5.774941494474645776e-01
5.535082819124499398e-01
5.297724164569574956e-01
5.099762407441933432e-01
4.859169798502542270e-01
4.654111802745400928e-01
4.391553177377261474e-01
4.219963279637423681e-01
4.011819161474704520e-01
3.720366573175308278e-01
3.423632123329908294e-01
3.202322083308772882e-01
2.891498363157462004e-01
2.601649304084918124e-01
2.297276122903330053e-01
1.981087412929073699e-01
1.669592194616080771e-01
1.446005314005067433e-01
1.206890348909479133e-01
9.649971195655625278e-02
7.600214935702048757e-02
5.905606280322427820e-02
4.470370531730030045e-02
3.007827277760952850e-02
1.283803220205711852e-02
-8.995272985459127832e-03
-3.034587753758688500e-02
-4.619938853937081980e-02
-6.208420192762728607e-02
-7.871765112383412311e-02
-9.104098477005179157e-02
-1.056441290573658098e-01
-1.129410201498609462e-01
-1.203608886400858585e-01
-1.283181682729080952e-01
-1.376424076891428760e-01
-1.398794499992513374e-01
-1.441288145692789513e-01
-1.495915237171896450e-01
-1.526951902649468784e-01
-1.555242233916179218e-01
-1.634083536624068855e-01
-1.670405200240037136e-01
-1.757584758502032107e-01
-1.842983627035248984e-01
-1.907218351582254112e-01
-1.942359674585996676e-01
-2.001771046300692691e-01
-2.018419842477197912e-01
-2.040120820000545232e-01
-2.069144508052141174e-01
-2.186254763580632865e-01
-2.283067399394193564e-01
-2.398338353046431115e-01
-2.508753853193086969e-01
-2.672681040712632239e-01
-2.817664877804890722e-01
-2.960483963852600375e-01
-3.028531089127063924e-01
-3.075183263394020150e-01
-3.171642517019820362e-01
-3.244370321025613624e-01
-3.246730122684447495e-01
-3.225910351766894113e-01
-3.271195182435903126e-01
-3.251494685724630185e-01
-3.281863848877768497e-01
-3.246856072901523338e-01
-3.230956534976544559e-01
-3.251847656149613464e-01
-3.361229059508943906e-01
-3.368092230437988444e-01
-3.442028224015155624e-01
-3.471522749994288559e-01
-3.526993226430831796e-01
-3.529576219756294098e-01
-3.536850672528565331e-01
-3.525644227124328789e-01
-3.406172376303445715e-01
-3.249263323915119184e-01
-3.125597919581584727e-01
-2.986807859703606294e-01
-2.911850634482827660e-01
-2.770716661214828735e-01
-2.616340628439428606e-01
-2.421495013167055399e-01
-2.266900792487503424e-01
-2.173719604033976793e-01
-2.057831240523802507e-01
-1.985668517411389167e-01
-1.868046283802037577e-01
-1.855857175086503552e-01
-1.782986800912972347e-01
-1.706022930228048018e-01
-1.678936156454715889e-01
-1.685729897157712542e-01
-1.687860389550527029e-01
-1.788866608945089698e-01
-1.935439349754768390e-01
-1.990856452889385730e-01
-2.070748188409460566e-01
-2.169845253229141235e-01
-2.170635227711848192e-01
-2.224669302813708782e-01
-2.159596816459788682e-01
-2.124752527914750277e-01
-2.103685542167007261e-01
-2.109880139315991054e-01
-2.110385622829198948e-01
-2.104765714926494224e-01
-2.076253961924820757e-01
-2.121008669233156452e-01
-2.145577860130390702e-01
-2.190974323345082075e-01
-2.227483068903287344e-01
-2.368489864884930629e-01
-2.474551402699591562e-01
-2.695274204580169752e-01
-2.880166994837614070e-01
-3.025756147690117359e-01
-3.281675209365194079e-01
-3.446131352815897109e-01
-3.575195681731231923e-01
-3.765072339524825340e-01
-3.971800632395987019e-01
-4.254719232176912280e-01
-4.562004036024996934e-01
-4.911001449716942413e-01
-5.106519176201387289e-01
-5.374257997782142526e-01
-5.704832141691783542e-01
-5.801466070115566254e-01
-5.998001650852315958e-01
-6.091789656877517611e-01
-6.256824093205588522e-01
-6.282616341486573219e-01
-6.295113319808498531e-01
-6.449794304435667591e-01
-6.518903670211633194e-01
-6.566616704856808040e-01
-6.649347290743229388e-01
-6.691123069751829799e-01
-6.910095981708387347e-01
-6.987288337200879829e-01
-7.063829363920749449e-01
-7.178864094771837401e-01
-7.254720845737973045e-01
-7.281641757322682151e-01
-7.180362173489162059e-01
-7.154328915126183519e-01
-7.037419690327211264e-01
-6.854327921755611897e-01
-6.570460443054476629e-01
-6.404174461960792097e-01
-6.257731616497039795e-01
-6.280339583754539490e-01
-6.106154537863202059e-01
-5.959924296117745657e-01
-5.811530256271362216e-01
-5.681884586811065674e-01
-5.438812711964482460e-01
-5.118907630782235652e-01
-4.643414318561553955e-01
-4.593066547065973171e-01
-4.374794175750331138e-01
-3.988267103624012488e-01
-3.817785517038667642e-01
-3.870327705517411232e-01
-3.685473243395487319e-01
-3.548158774418490036e-01
-3.413098271076495660e-01
-3.130379443367322101e-01
-3.522820079868489995e-01
-3.760597545653581730e-01
-4.511167849931452256e-01
-5.273022204637527466e-01
-6.015367891107287202e-01
-6.636621554692586633e-01
-6.741892457008361594e-01
-7.032779753208160400e-01
-8.312823772430419922e-01
-8.453692793846130371e-01
