9.999999970345947453e-01
9.603738647699355813e-01
9.382236132669687922e-01
9.211311788872035278e-01
8.948610237407200740e-01
8.699782119721782836e-01
8.429367335943075412e-01
8.150546584547180284e-01
7.917226256484194424e-01
7.657437441715350124e-01
7.506119802360134985e-01
7.345794215014106454e-01
7.155409776975237834e-01
6.995501136209102411e-01
6.821188018682168286e-01
6.668997623266712527e-01
6.519901294160533878e-01
6.362227400278915868e-01
6.190802763964309285e-01
5.997076812353763220e-01
5.826766308582289611e-01
5.669173109500358354e-01
5.581535210822547999e-01
5.460628110371278376e-01
5.296737185474169607e-01
5.141176882369274947e-01
5.023748716711997631e-01
4.860993726928343750e-01
4.702534566208117495e-01
4.587877768113516330e-01
4.443715379317427216e-01
4.313577143146711257e-01
4.192496451229606458e-01
4.081485867832920222e-01
3.947327244513763045e-01
3.815453887344842920e-01
3.657982395679661991e-01
3.579056421976263835e-01
3.490244579370036515e-01
3.428279472095316915e-01
3.368173035220329847e-01
3.303040036000311486e-01
3.312287705265126170e-01
3.295386209848183423e-01
3.197868160049247011e-01
3.213134020662460344e-01
3.228168199980451236e-01
3.194022828398586644e-01
3.212749316704039404e-01
3.240440563347778968e-01
3.256416701717881890e-01
3.300204523901144604e-01
3.346945407656615190e-01
3.363320545318561616e-01
3.361350537157383189e-01
3.407459843725170190e-01
3.378484702058907052e-01
3.355943593196570873e-01
3.364794541905810066e-01
3.367785692844592615e-01
3.410012863100843061e-01
3.447055155145270500e-01
3.487186492856243492e-01
3.504649115915315916e-01
3.540387301005586407e-01
3.596982581760077013e-01
3.663831844373985347e-01
3.657971392594166482e-01
3.650019056254759642e-01
3.751249956249287365e-01
3.841346053563001739e-01
3.929350047730482687e-01
4.027024668085482650e-01
4.174064312537666410e-01
4.303453307100168490e-01
4.436320113461642012e-01
4.585916584730148071e-01
4.731008536632984041e-01
4.840780485088262974e-01
4.907430141064964557e-01
4.981007249025273809e-01
5.070696576188008509e-01
5.072578035232400140e-01
5.071465719049259580e-01
5.091125134728912149e-01
5.109702148314180237e-01
5.106220146884088429e-01
5.092098471104052892e-01
5.116440606328238605e-01
5.163442606904676824e-01
5.134919731466619508e-01
5.249036070298064294e-01
5.337108783082130659e-01
5.411692312746135824e-01
5.528337711067957683e-01
5.653370239262310859e-01
5.754812151903198059e-01
5.902370362041088336e-01
5.964350039229809886e-01
6.006458635423698178e-01
6.028884610917308873e-01
6.104519721865654391e-01
6.160491449814854414e-01
6.216370049788026986e-01
6.291445668057068508e-01
6.281565458048135042e-01
6.303397558237376908e-01
6.384366920336763673e-01
6.353647578307377586e-01
6.360292661449183926e-01
6.313106792641209886e-01
6.338439746035470224e-01
6.324970973341652591e-01
6.184447876770388097e-01
6.148994152230777832e-01
6.156524698748144786e-01
6.139532194418065858e-01
6.196452166352953705e-01
6.306826061153986140e-01
6.382133353774140927e-01
6.494140361930117455e-01
6.648348777554928812e-01
6.683873737914652891e-01
6.810230467564020174e-01
6.910183356179819825e-01
6.949381334216970796e-01
6.942313182353972989e-01
6.894966341756485484e-01
6.854267722531540707e-01
6.811486722694503060e-01
6.726393407919037948e-01
6.607348425047737672e-01
6.512005529973817763e-01
6.378777591402039482e-01
6.300176419873735334e-01
6.168416546601237505e-01
6.121151543580568566e-01
6.011500116437673569e-01
5.798776176950287686e-01
5.723465807255236903e-01
5.737111197143304198e-01
5.570796838651100868e-01
5.510491498951184397e-01
5.453869340748622729e-01
5.419016364112234641e-01
5.331000164151191711e-01
5.250750203024256990e-01
5.320927594546918105e-01
5.370553088075710191e-01
5.470735172812755120e-01
5.600762567391582847e-01
5.598632201552391496e-01
5.657648368149387208e-01
5.672685609509547922e-01
5.746463993762401801e-01
5.781974949590538149e-01
5.770675311485926606e-01
5.854141607203267039e-01
5.925432110941687425e-01
6.035027511063075778e-01
6.238757524548507183e-01
6.380162630230188370e-01
6.624682885714066050e-01
6.763262929100739562e-01
6.937741041183471680e-01
7.141730706724855882e-01
7.297669244664055643e-01
7.494243519271120979e-01
7.489880066026340932e-01
7.557853576727211475e-01
7.643050570641795050e-01
7.787025908629099380e-01
7.829026086577053345e-01
7.893595269748142629e-01
7.906910136893943175e-01
7.820519461081578694e-01
7.799610984325409113e-01
7.735787195463975641e-01
7.801672323890354033e-01
7.667628905989907206e-01
7.331968744595845910e-01
7.096058547496795210e-01
7.081680093940935228e-01
6.976110570960574186e-01
6.746344610172159140e-01
6.500206608325242996e-01
6.132987449566523752e-01
5.714671877878052531e-01
5.112414623682315362e-01
4.449296084543069019e-01
3.648897978392514063e-01
2.351422786712646373e-01
9.079647892051273539e-02
3.316476009786128998e-02
-7.396117278507777226e-02
-1.271352817614873343e-01
-1.557994782924652100e-01
-1.892714761197566986e-01
-3.166256248950958252e-01
-4.768542051315307617e-01
