-2.122318595647811890e-01 -3.388101458549499512e-01 -9.166053533554077148e-01
-1.480750888586044312e-01 -3.907206356525421143e-01 -9.085214138031005859e-01
2.834432423114776611e-01 -1.756468713283538818e-01 -9.427661895751953125e-01
3.302133083343505859e-01 -5.183498859405517578e-01 -7.888424992561340332e-01
2.166997790336608887e-01 -3.926756083965301514e-01 -8.937824368476867676e-01
2.494017034769058228e-01 -3.659468889236450195e-01 -8.965945243835449219e-01
4.007112979888916016e-01 -3.391408324241638184e-01 -8.511250615119934082e-01
6.596609950065612793e-01 -6.386373043060302734e-01 -3.962194025516510010e-01
4.469818174839019775e-01 -6.697155833244323730e-01 -5.930331945419311523e-01
6.354939341545104980e-01 -6.779230237007141113e-01 -3.695507943630218506e-01
6.854581236839294434e-01 -5.668737292289733887e-01 -4.569478929042816162e-01
4.811200797557830811e-01 -6.021243333816528320e-01 -6.371574997901916504e-01
4.951789081096649170e-01 -6.031829714775085449e-01 -6.252745389938354492e-01
5.467791557312011719e-01 -7.807299494743347168e-01 -3.024786710739135742e-01
4.654189348220825195e-01 -5.792852640151977539e-01 -6.691887974739074707e-01
4.486753046512603760e-01 -6.713185906410217285e-01 -5.899338126182556152e-01
5.126322507858276367e-01 -7.511338591575622559e-01 -4.159400463104248047e-01
6.629681587219238281e-01 -5.312602519989013672e-01 -5.274807214736938477e-01
6.171414852142333984e-01 -4.917570054531097412e-01 -6.142567992210388184e-01
5.537614226341247559e-01 -6.382270455360412598e-01 -5.348031520843505859e-01
5.418855547904968262e-01 -7.192845940589904785e-01 -4.347294569015502930e-01
7.553994655609130859e-01 -5.239519476890563965e-01 -3.935047090053558350e-01
6.118285655975341797e-01 -7.066992521286010742e-01 -3.553054928779602051e-01
4.268653988838195801e-01 -8.506996035575866699e-01 -3.067507445812225342e-01
5.476271510124206543e-01 -7.313330769538879395e-01 -4.065175056457519531e-01
5.159760117530822754e-01 -7.846097946166992188e-01 -3.437385559082031250e-01
3.821028769016265869e-01 -7.761245369911193848e-01 -5.016255378723144531e-01
4.358190000057220459e-01 -7.406881451606750488e-01 -5.113148093223571777e-01
4.011858701705932617e-01 -7.886390686035156250e-01 -4.659381210803985596e-01
4.247132241725921631e-01 -6.579982638359069824e-01 -6.218174099922180176e-01
6.068675518035888672e-01 -4.710244834423065186e-01 -6.401934623718261719e-01
3.680227100849151611e-01 -4.103162288665771484e-01 -8.343859910964965820e-01
3.542659878730773926e-01 -4.971923828125000000e-01 -7.920197844505310059e-01
3.980050981044769287e-01 -4.692619740962982178e-01 -7.882799506187438965e-01
1.882782429456710815e-01 -7.823940515518188477e-01 -5.936420559883117676e-01
1.676989346742630005e-01 -6.799453496932983398e-01 -7.138286828994750977e-01
-2.741208672523498535e-01 -5.699603557586669922e-01 -7.745985984802246094e-01
-2.229695767164230347e-01 -6.342560052871704102e-01 -7.402728796005249023e-01
-2.195885032415390015e-01 -8.323956727981567383e-01 -5.088205933570861816e-01
-3.441150486469268799e-01 -6.668949723243713379e-01 -6.609355807304382324e-01
-2.758980095386505127e-01 -9.166217446327209473e-01 -2.892834544181823730e-01
-2.775956988334655762e-01 -9.367638230323791504e-01 -2.131057530641555786e-01
-4.206355512142181396e-01 -7.887648344039916992e-01 -4.482362568378448486e-01
-9.550003707408905029e-02 -7.526205778121948242e-01 -6.514921784400939941e-01
-1.591038703918457031e-01 -7.022808790206909180e-01 -6.938930153846740723e-01
-3.048016428947448730e-01 -7.755587100982666016e-01 -5.528151392936706543e-01
-4.240859448909759521e-01 -7.756261229515075684e-01 -4.674988687038421631e-01
-3.845182955265045166e-01 -6.561127901077270508e-01 -6.493548750877380371e-01
-3.889656662940979004e-01 -7.202147245407104492e-01 -5.744532942771911621e-01
-3.681045770645141602e-01 -8.133054375648498535e-01 -4.505921304225921631e-01
-3.168674111366271973e-01 -8.214644789695739746e-01 -4.741214215755462646e-01
-4.701124727725982666e-01 -6.609640717506408691e-01 -5.849109292030334473e-01
-5.897221565246582031e-01 -6.449687480926513672e-01 -4.860485196113586426e-01
-4.515523910522460938e-01 -6.911948323249816895e-01 -5.642252564430236816e-01
-5.866500735282897949e-01 -6.416874527931213379e-01 -4.940433502197265625e-01
3.818767890334129333e-02 -8.844661116600036621e-01 -4.650390744209289551e-01
-1.516512632369995117e-01 -8.606479763984680176e-01 -4.860935211181640625e-01
3.112670034170150757e-03 -6.998574733734130859e-01 -7.142757177352905273e-01
1.723424792289733887e-01 -7.726631760597229004e-01 -6.109743714332580566e-01
2.712948806583881378e-02 -8.435140252113342285e-01 -5.364215373992919922e-01
-8.190213888883590698e-02 -8.126937747001647949e-01 -5.769062638282775879e-01
2.475482597947120667e-02 -7.673597931861877441e-01 -6.407387256622314453e-01
4.691522568464279175e-02 -9.097428321838378906e-01 -4.125130176544189453e-01
4.675359725952148438e-01 -6.767123937606811523e-01 -5.687445402145385742e-01
4.046528041362762451e-01 -8.527981638908386230e-01 -3.301383256912231445e-01
6.095128655433654785e-01 -7.233272194862365723e-01 -3.244869410991668701e-01
6.546847820281982422e-01 -5.747585892677307129e-01 -4.909586310386657715e-01
6.401346325874328613e-01 -5.631132721900939941e-01 -5.226194858551025391e-01
5.563693046569824219e-01 -5.711627602577209473e-01 -6.035116314888000488e-01
5.933879613876342773e-01 -4.514133334159851074e-01 -6.664208173751831055e-01
2.693397998809814453e-01 -6.379801034927368164e-01 -7.214134931564331055e-01
-8.743172138929367065e-02 -3.960207104682922363e-01 -9.140696525573730469e-01
-7.991874217987060547e-02 -4.081684947013854980e-01 -9.094016551971435547e-01
-9.235145151615142822e-02 -1.721890121698379517e-01 -9.807253479957580566e-01
-2.003766894340515137e-01 -6.289865076541900635e-02 -9.776978492736816406e-01
-3.442982137203216553e-01 3.621859103441238403e-02 -9.381614327430725098e-01
-3.270711004734039307e-01 9.183612652122974396e-03 -9.449551105499267578e-01
-2.638786137104034424e-01 -2.853922173380851746e-02 -9.641336202621459961e-01
-2.532600164413452148e-01 4.932069033384323120e-02 -9.661401510238647461e-01
-2.518677413463592529e-01 2.889658510684967041e-01 -9.236131906509399414e-01
-2.942610085010528564e-01 1.811531633138656616e-01 -9.383996725082397461e-01
-3.697606325149536133e-01 1.296250820159912109e-01 -9.200403690338134766e-01
-1.451162546873092651e-01 8.256856352090835571e-02 -9.859633445739746094e-01
-2.544451355934143066e-01 2.393361777067184448e-01 -9.370036125183105469e-01
-2.608006000518798828e-01 2.016579173505306244e-02 -9.651820659637451172e-01
-4.139459878206253052e-02 1.848075687885284424e-01 -9.819025993347167969e-01
-1.448360234498977661e-01 1.895232796669006348e-01 -9.711351394653320312e-01
2.535397373139858246e-02 9.549641609191894531e-02 -9.951068162918090820e-01
3.347786664962768555e-01 2.374570518732070923e-01 -9.118866920471191406e-01
-1.368854288011789322e-02 2.967010438442230225e-01 -9.548722505569458008e-01
2.960692644119262695e-01 9.696740657091140747e-02 -9.502317309379577637e-01
2.469667047262191772e-01 4.437472522258758545e-01 -8.614497780799865723e-01
4.255373179912567139e-01 3.940321505069732666e-01 -8.146512508392333984e-01
3.041556179523468018e-01 3.982930183410644531e-01 -8.653624057769775391e-01
3.557237982749938965e-01 3.788786828517913818e-01 -8.543485403060913086e-01
2.573032379150390625e-01 4.225048422813415527e-01 -8.690711855888366699e-01
5.789075493812561035e-01 5.476371049880981445e-01 -6.041189432144165039e-01
5.015870928764343262e-01 5.112553834915161133e-01 -6.978741288185119629e-01
4.683564901351928711e-01 5.492805242538452148e-01 -6.920499801635742188e-01
4.944967031478881836e-01 5.302959084510803223e-01 -6.886648535728454590e-01
4.971188604831695557e-01 2.496232241392135620e-01 -8.310000300407409668e-01
7.012292742729187012e-01 4.286383688449859619e-01 -5.696899890899658203e-01
4.084326922893524170e-01 6.924557685852050781e-01 -5.947165489196777344e-01
4.210781455039978027e-01 3.994822800159454346e-01 -8.143138885498046875e-01
4.644813537597656250e-01 9.476649761199951172e-02 -8.804978132247924805e-01
1.423826664686203003e-01 -1.889369636774063110e-01 -9.716120362281799316e-01
-9.554240852594375610e-02 -9.604495018720626831e-02 -9.907810091972351074e-01
1.661531329154968262e-01 1.739799529314041138e-01 -9.706307649612426758e-01
3.904499411582946777e-01 1.861710846424102783e-01 -9.016036391258239746e-01
3.727685809135437012e-01 3.275488913059234619e-01 -8.681908249855041504e-01
5.127270817756652832e-01 2.042574882507324219e-01 -8.339004516601562500e-01
4.313393533229827881e-01 2.663041353225708008e-01 -8.619909882545471191e-01
2.926832139492034912e-01 3.032904267311096191e-01 -9.068359732627868652e-01
2.182949930429458618e-01 3.911475539207458496e-01 -8.940642476081848145e-01
4.526748061180114746e-01 5.449160933494567871e-01 -7.057987451553344727e-01
6.390705108642578125e-01 4.418341815471649170e-01 -6.295803785324096680e-01
6.497375369071960449e-01 5.018552541732788086e-01 -5.709487795829772949e-01
6.889101862907409668e-01 5.707844495773315430e-01 -4.467750489711761475e-01
8.000537157058715820e-01 5.674569606781005859e-01 -1.946963369846343994e-01
9.633368253707885742e-01 2.520791888236999512e-01 -9.186025708913803101e-02
9.834905266761779785e-01 1.414748728275299072e-01 -1.128329113125801086e-01
9.670952558517456055e-01 -1.703448295593261719e-01 -1.889691948890686035e-01
6.842760443687438965e-01 -5.800247788429260254e-01 -4.419701397418975830e-01
6.197901368141174316e-01 -3.667818307876586914e-01 -6.937804222106933594e-01
6.289351582527160645e-01 -4.508427381515502930e-01 -6.333888173103332520e-01
5.659174919128417969e-01 -3.447136878967285156e-01 -7.489392161369323730e-01
5.989775061607360840e-01 -5.126810669898986816e-01 -6.151293516159057617e-01
5.841172933578491211e-01 -6.846083998680114746e-01 -4.360255599021911621e-01
7.680715322494506836e-01 -4.636787474155426025e-01 -4.416650533676147461e-01
6.870142221450805664e-01 -5.493114590644836426e-01 -4.756767749786376953e-01
7.096021771430969238e-01 -6.066891551017761230e-01 -3.583196103572845459e-01
7.409124970436096191e-01 -6.401769518852233887e-01 -2.030323892831802368e-01
3.965901732444763184e-01 -9.039944410324096680e-01 1.597193777561187744e-01
5.680628418922424316e-01 -8.229850530624389648e-01 4.240361158736050129e-04
6.136084794998168945e-01 -7.637008428573608398e-01 2.006133645772933960e-01
1.650432050228118896e-01 -9.460139870643615723e-01 2.789592742919921875e-01
4.219031929969787598e-01 -8.506487011909484863e-01 3.136787712574005127e-01
2.421611547470092773e-01 -9.681412577629089355e-01 -6.372176110744476318e-02
4.042653143405914307e-01 -9.140334129333496094e-01 -3.335525095462799072e-02
2.109916806221008301e-01 -9.771333336830139160e-01 2.632375620305538177e-02
1.184334307909011841e-01 -9.849159121513366699e-01 -1.261511594057083130e-01
3.276574611663818359e-02 -9.468520879745483398e-01 3.199961185455322266e-01
6.031027436256408691e-01 -7.974784374237060547e-01 1.717755943536758423e-02
3.450194001197814941e-01 -9.017488956451416016e-01 2.604045867919921875e-01
4.061181545257568359e-01 -9.111915230751037598e-01 6.926760822534561157e-02
3.655049800872802734e-01 -9.292889237403869629e-01 -5.318062007427215576e-02
3.682989180088043213e-01 -9.282785058021545410e-01 -5.152535811066627502e-02
4.869745969772338867e-01 -8.733901381492614746e-01 6.743301171809434891e-03
1.352139711380004883e-01 -9.406118392944335938e-01 -3.113943338394165039e-01
1.547166109085083008e-01 -9.866239428520202637e-01 5.134159326553344727e-02
3.121666312217712402e-01 -9.478936791419982910e-01 -6.363711506128311157e-02
4.453373253345489502e-01 -8.770130872726440430e-01 -1.803406774997711182e-01
1.415825635194778442e-01 -9.391072392463684082e-01 -3.131005764007568359e-01
1.067595928907394409e-01 -9.130101203918457031e-01 -3.937192559242248535e-01
1.871969401836395264e-01 -6.567618846893310547e-01 -7.304937243461608887e-01
-3.238355740904808044e-02 -5.517941117286682129e-01 -8.333514332771301270e-01
-3.482829332351684570e-01 -7.867846488952636719e-01 -5.095771551132202148e-01
-3.505532145500183105e-01 -5.885128974914550781e-01 -7.285361886024475098e-01
-1.900959312915802002e-01 -7.259752750396728516e-01 -6.609262228012084961e-01
-2.208229750394821167e-01 -9.367577433586120605e-01 -2.715183794498443604e-01
-3.841166198253631592e-01 -6.998152732849121094e-01 -6.022565960884094238e-01
-3.020689785480499268e-01 -5.683968663215637207e-01 -7.652969360351562500e-01
-2.835349738597869873e-01 -7.067332267761230469e-01 -6.481789946556091309e-01
-2.545539140701293945e-01 -6.445698738098144531e-01 -7.209243774414062500e-01
-2.402142137289047241e-01 -7.672992944717407227e-01 -5.945998430252075195e-01
-3.269411623477935791e-02 -6.435815691947937012e-01 -7.646789550781250000e-01
-6.623335182666778564e-02 -7.251772880554199219e-01 -6.853692531585693359e-01
-3.899632394313812256e-02 -5.778481364250183105e-01 -8.152121901512145996e-01
-2.230980247259140015e-01 -3.611600399017333984e-01 -9.054229259490966797e-01
-3.872188925743103027e-02 -5.211161971092224121e-01 -8.526068329811096191e-01
2.064263522624969482e-01 -5.787783861160278320e-01 -7.889256477355957031e-01
2.430451810359954834e-01 -2.759937345981597900e-01 -9.299228191375732422e-01
1.164465472102165222e-01 -3.745217025279998779e-01 -9.198770523071289062e-01
1.285902112722396851e-01 -3.961042761802673340e-01 -9.091567397117614746e-01
2.570874392986297607e-01 -5.784983634948730469e-01 -7.741095423698425293e-01
2.517043948173522949e-01 -3.247559666633605957e-01 -9.116899371147155762e-01
3.257240355014801025e-01 -2.639482319355010986e-01 -9.078739881515502930e-01
3.486073911190032959e-01 -2.427210956811904907e-01 -9.052951931953430176e-01
-4.711322858929634094e-02 -1.110713109374046326e-01 -9.926950931549072266e-01
-1.024286374449729919e-01 -3.469770550727844238e-01 -9.322635531425476074e-01
8.431585133075714111e-02 -5.215997248888015747e-02 -9.950729012489318848e-01
5.815746784210205078e-01 -1.568611264228820801e-01 -7.982264161109924316e-01
2.360076457262039185e-01 -5.517219901084899902e-01 -7.999395132064819336e-01
4.318979978561401367e-01 -3.453051745891571045e-01 -8.332037925720214844e-01
1.819180399179458618e-01 -5.592305064201354980e-01 -8.088059425354003906e-01
3.652327358722686768e-01 -7.469157576560974121e-01 -5.556274056434631348e-01
-3.967444971203804016e-02 -7.600412964820861816e-01 -6.486625075340270996e-01
3.058649897575378418e-01 -8.299770355224609375e-01 -4.664597809314727783e-01
3.188324868679046631e-01 -6.694915294647216797e-01 -6.709149479866027832e-01
3.608035445213317871e-01 -7.114267945289611816e-01 -6.030693650245666504e-01
4.683762788772583008e-01 -7.112519741058349609e-01 -5.241606235504150391e-01
6.974701881408691406e-01 -5.499345660209655762e-01 -4.594641923904418945e-01
7.894657850265502930e-01 -6.034591197967529297e-01 1.121645569801330566e-01
8.245945572853088379e-01 -5.387387871742248535e-01 1.726391464471817017e-01
8.532310724258422852e-01 -4.047612547874450684e-01 3.288847208023071289e-01
8.509993553161621094e-01 -3.509811758995056152e-01 3.906561434268951416e-01
8.545894622802734375e-01 -4.480013847351074219e-01 2.626244127750396729e-01
9.474202990531921387e-01 -1.889068484306335449e-01 2.582807838916778564e-01
9.142174124717712402e-01 -1.711012274026870728e-01 3.673293888568878174e-01
9.561930298805236816e-01 2.355510927736759186e-02 2.917876541614532471e-01
