9.999999985172973727e-01
9.528998520970344277e-01
9.180458307865276835e-01
8.830402385857369918e-01
8.453086125971701614e-01
8.109292115027807446e-01
7.826605640160732014e-01
7.525078509886240496e-01
7.189551814232465476e-01
6.902725734980776906e-01
6.569448903359044190e-01
6.263842214879237202e-01
5.942254330982607025e-01
5.583109074331661370e-01
5.282463846917457850e-01
4.995082736576116345e-01
4.686495602533624072e-01
4.414953602801846566e-01
4.075264367198602189e-01
3.790390249546412571e-01
3.537201395268598225e-01
3.277855813296304821e-01
3.022677403505287796e-01
2.792000095621588462e-01
2.509352051268863293e-01
2.280600883003154888e-01
2.132980225554534370e-01
1.936791398316279333e-01
1.789349940513944304e-01
1.591428954067618251e-01
1.460927307867167235e-01
1.297884835478137489e-01
1.119078530450544479e-01
9.267488782781929668e-02
7.701183612385910371e-02
6.075807263603411751e-02
4.919858712590102073e-02
4.171023431529358866e-02
2.763867949598405871e-02
7.456736524163940817e-03
-1.044477133647255321e-02
-3.134125471115112305e-02
-5.439296894290911871e-02
-7.395147574664670542e-02
-8.875773154246578700e-02
-1.017808815798698363e-01
-1.140115930668769290e-01
-1.241708516881063346e-01
-1.361636784098117225e-01
-1.501299421253957378e-01
-1.632402310308241622e-01
-1.756122145056724648e-01
-1.902227277473715339e-01
-2.087936181877110553e-01
-2.272694041939819776e-01
-2.357671497619315271e-01
-2.434553198773285465e-01
-2.576819227284027347e-01
-2.689856241320396912e-01
-2.790844742680939072e-01
-2.929420112401035503e-01
-2.984132743839706947e-01
-2.971782453974588512e-01
-2.944219733008008322e-01
-2.871043654362650521e-01
-2.792977895587682724e-01
-2.695976448555787441e-01
-2.559350870216070550e-01
-2.439975008032375658e-01
-2.305916291520451189e-01
-2.108871598962609173e-01
-1.966191757756930170e-01
-1.811709308693575382e-01
-1.605574780842289329e-01
-1.474234520450351804e-01
-1.320877330643790148e-01
-1.113867038637399720e-01
-9.780806122768309629e-02
-7.412599657124620267e-02
-4.258469254022739098e-02
-1.905494029364309880e-02
9.707972748825947906e-03
4.141949655629005578e-02
7.331930757579156743e-02
1.022094681094854324e-01
1.391219453051172339e-01
1.723085506454757887e-01
2.061024378135538904e-01
2.315316624873507423e-01
2.561024810586656764e-01
2.763425658817763586e-01
2.952217930758541109e-01
3.106888630726468703e-01
3.224257627433096962e-01
3.288465431221177515e-01
3.378456248989645250e-01
3.542018861997695001e-01
3.565846252470062372e-01
3.697060374090972434e-01
3.845610947293393589e-01
3.918715590555774120e-01
4.085503284260630363e-01
4.250450232113250348e-01
4.400646274491232246e-01
4.514476994878238170e-01
4.562866657991738184e-01
4.567293648362943936e-01
4.564683162310022024e-01
4.513476079990786927e-01
4.332382797425531895e-01
4.129015481160892009e-01
3.907072675310903076e-01
3.632938648793804237e-01
3.475694312206046299e-01
3.347345905742425964e-01
3.287869067212870200e-01
3.151042922016452086e-01
2.971077425227988122e-01
2.889867138611265096e-01
2.832025112357081653e-01
2.703473846209638043e-01
2.561919596046209335e-01
2.418328805626193123e-01
2.236581545036572805e-01
2.012161486721658066e-01
1.798313234589601906e-01
1.583703052997589011e-01
1.324532961321843727e-01
1.129282151591287919e-01
9.792565544032388880e-02
7.985361350674025083e-02
6.166372554642813447e-02
4.496044492807941412e-02
2.470548248247188619e-02
1.013265850383843897e-02
7.126749521403601649e-03
4.512590743028200950e-03
-5.173475015908479691e-03
-2.863117390208774066e-02
-5.159953278639624330e-02
-7.201848985230335787e-02
-8.137580032149950571e-02
-8.388197283118457859e-02
-8.829938543253931793e-02
-9.552767794383199007e-02
-9.374203559543405062e-02
-8.456055803055112507e-02
-9.369426327585070324e-02
-1.042717110435917721e-01
-1.189811615130076106e-01
-1.282020350005112497e-01
-1.353312692046165500e-01
-1.284806049447886900e-01
-1.363998218439519405e-01
-1.361541669577994162e-01
-1.511027947392152571e-01
-1.600579505993260376e-01
-1.811508106237108007e-01
-2.072046263966449420e-01
-2.294504424290997602e-01
-2.525920616235675098e-01
-2.865772034972906002e-01
-2.971817589341065879e-01
-3.148745373381595658e-01
-3.256301457012021894e-01
-3.372279426807330838e-01
-3.537690315927777829e-01
-3.769754649085156895e-01
-3.895616176905054018e-01
-3.914459170773625374e-01
-4.140666266002001050e-01
-4.146087717264890782e-01
-3.995472629522455188e-01
-3.877758399716445536e-01
-3.555354190024512806e-01
-3.167145123275426633e-01
-2.705680340528487937e-01
-2.471758341416716576e-01
-2.033136940520742786e-01
-1.751660348170182846e-01
-1.430273707069101841e-01
-1.135758731514215497e-01
-6.996940586127732564e-02
-4.863352204362551140e-02
-1.121366297935738263e-02
-1.826994586735963821e-03
2.117734005053838187e-02
5.662719586065837613e-02
8.420225920585486246e-02
1.233903939525286403e-01
1.693933206525715940e-01
2.102327741682529505e-01
2.583649539285235996e-01
3.064125115051865578e-01
3.798903631312506302e-01
3.855190699299176349e-01
3.844852924346923717e-01
3.630698835477232933e-01
3.542943447828292847e-01
3.800904452800750732e-01
