9.999999943657300605e-01
9.511615228652954279e-01
9.195760650251378898e-01
8.828860226303639758e-01
8.479367461301348108e-01
8.109369802535796312e-01
7.775898658312283551e-01
7.460317415252482043e-01
7.136029931933768333e-01
6.795713343502333137e-01
6.534012568948780464e-01
6.229958584041972447e-01
5.856896083033273914e-01
5.513763735665285770e-01
5.134595320584939282e-01
4.794249160475628213e-01
4.434948101237013440e-01
4.203795700779427436e-01
3.939464736953784962e-01
3.755404966586566307e-01
3.557161538763928821e-01
3.362480722988644977e-01
3.136314676668723878e-01
2.912112960403555051e-01
2.716817225271699332e-01
2.508764279455962254e-01
2.320196944475173828e-01
2.121491753549754056e-01
1.938518748936280955e-01
1.718798688461267710e-01
1.589790492574548186e-01
1.435152921223026845e-01
1.301847926434680502e-01
1.113703045217941251e-01
9.650390296282168601e-02
8.027738557163491273e-02
7.360395870425484599e-02
6.054721108251592127e-02
4.651593180384738097e-02
3.272285806819980741e-02
2.448719059643538268e-02
1.133521615993231604e-02
-2.014636021084005840e-03
-1.537789548216741270e-02
-1.725490645143636440e-02
-2.391567040616885201e-02
-2.770045988502041132e-02
-2.732771156089646575e-02
-2.863963970951005633e-02
-3.143776791464341497e-02
-2.381272628804705777e-02
-2.121545761823654189e-02
-2.195145784808485295e-02
-3.166526149505296400e-02
-3.667711433606082871e-02
-4.085280779391935180e-02
-4.889197135023001795e-02
-4.896171127135554718e-02
-5.031883661876191544e-02
-5.330610256904447924e-02
-5.254550508045135321e-02
-5.231534765501107825e-02
-5.324077958629714474e-02
-5.102599582270435363e-02
-5.195692690075748993e-02
-5.059888946604641086e-02
-5.278486540472066002e-02
-4.692279376478782071e-02
-4.286127061324011833e-02
-3.907173729473442658e-02
-2.805801353040542415e-02
-1.877869976541170563e-02
-1.924502263351004355e-02
-1.121815873193554580e-02
-1.299757768554011747e-02
-1.132161419336048455e-02
-4.337115347385406793e-03
-4.793498034198437688e-03
6.628243055770067409e-04
8.370964589421867053e-03
1.273134136033698613e-02
2.264510700479149818e-02
3.372210345598829900e-02
4.583933640082003824e-02
5.881323114546955361e-02
6.122935852357026115e-02
7.222293754634649676e-02
7.045436541043352541e-02
7.267707343979747103e-02
6.823708070442080498e-02
6.880152950415739654e-02
6.858086450533433520e-02
6.230178316457009313e-02
5.898056182734392333e-02
5.919247521000487594e-02
6.251483210274633162e-02
6.035804095722380191e-02
6.600563926622271538e-02
7.290730397533444485e-02
7.716491392941451921e-02
8.190246937003466121e-02
9.856725469231605863e-02
1.063365793288356120e-01
1.228023144815649365e-01
1.236403216559862350e-01
1.269453402007153786e-01
1.153795725420901641e-01
1.047687912954295003e-01
8.590111598092060874e-02
7.222927288840645665e-02
5.880273165242685257e-02
4.003324634912941438e-02
2.217281710230902328e-02
4.606320607391270645e-03
-1.214009013840521879e-02
-2.160594846273577660e-02
-4.370582281228373861e-02
-7.586769932614904899e-02
-1.077440701514841559e-01
-1.473341639176374562e-01
-1.786144150903931360e-01
-2.058101747184991892e-01
-2.337083408161054754e-01
-2.632785154840884823e-01
-2.900079099775909053e-01
-3.083926022640968712e-01
-3.240654093027114935e-01
-3.450357617961393730e-01
-3.751635620855305331e-01
-4.171900500853856220e-01
-4.645311183912653186e-01
-4.981912155236516426e-01
-5.366358166371566485e-01
-5.563479799996403630e-01
-5.762964233533659497e-01
-5.797810163913350578e-01
-5.858473133582334791e-01
-6.034655587282031775e-01
-6.092026677160036208e-01
-6.292558483058406926e-01
-6.569277230100553089e-01
-6.755802281200885551e-01
-6.913826052667730870e-01
-7.044138594948011756e-01
-7.195631281325691742e-01
-7.214020381548574834e-01
-7.043655921112407237e-01
-6.859608673387103117e-01
-6.778211773566480414e-01
-6.583243104127737277e-01
-6.484451925053316135e-01
-6.314891967177390653e-01
-6.213161464096331743e-01
-5.957633648067712784e-01
-5.761426333734329663e-01
-5.471772849559783936e-01
-5.370551683836513046e-01
-5.136716301468285950e-01
-5.157460561671922683e-01
-4.995838398379938705e-01
-4.976632128038057656e-01
-4.933977943845093139e-01
-4.983101022931245572e-01
-5.065996121419104048e-01
-5.212483685967084224e-01
-5.369620518758893013e-01
-5.501879602670669556e-01
-5.720605843645685251e-01
-5.929916112711934861e-01
-6.278640673262998462e-01
-6.541916541755199432e-01
-6.556721578041712073e-01
-6.697350190631274902e-01
-6.615008195596081553e-01
-6.575960274095888902e-01
-6.497858969064859158e-01
-6.366780593991279158e-01
-6.351611774104336527e-01
-6.352896149391713543e-01
-6.641677033833481847e-01
-7.085287627719697445e-01
-7.438298493623733965e-01
-7.676351744877664141e-01
-7.732581165101792831e-01
-7.710482337895561145e-01
-7.303057555109262466e-01
-6.772654434045155547e-01
-6.695472853524344625e-01
-6.392420392770034043e-01
-6.164637866119543341e-01
-6.554684313860806855e-01
-6.951687335968017578e-01
-7.700085143248239783e-01
-7.990591861307621002e-01
-8.964004176003592672e-01
-9.110444585482279090e-01
-9.378872632980346236e-01
-9.728177487850189209e-01
-9.355480869611104700e-01
-8.935740292072296143e-01
