9.999999881383792033e-01
9.561778268218040777e-01
9.242588452358341256e-01
8.949708932577961074e-01
8.613671268605943565e-01
8.283082752355507283e-01
8.041554229381756569e-01
7.809316530516466903e-01
7.578216869133124201e-01
7.388273367347816256e-01
7.203875653718778693e-01
6.979689199673502209e-01
6.826471726966913955e-01
6.653019546263633233e-01
6.532763695334368181e-01
6.362046110493841944e-01
6.223963699026687779e-01
6.133699317705696430e-01
6.017988509004884579e-01
5.990204141772055291e-01
6.001921726689154468e-01
5.978087471591101432e-01
5.979985097974704900e-01
5.936202855592362937e-01
5.875913051962010636e-01
5.788984341885555773e-01
5.772218430042266313e-01
5.752477470742559662e-01
5.713535820300867929e-01
5.596861197981376490e-01
5.561095908589182013e-01
5.466962344506207661e-01
5.281939674058609979e-01
5.062386787696075974e-01
4.818956585389054248e-01
4.636704988149275009e-01
4.462489668618548899e-01
4.323514408727244795e-01
4.131527031354743085e-01
3.984429997012571278e-01
3.920157975011059892e-01
3.780863455787766836e-01
3.673838314676434735e-01
3.605224061167881522e-01
3.498686626568365265e-01
3.444570676805690512e-01
3.331712086955385677e-01
3.268441834982919736e-01
3.187163202639888282e-01
3.183032358800502171e-01
3.196404935261666358e-01
3.147666454408317716e-01
3.078813504852704330e-01
2.951227993377157355e-01
2.805132391374735579e-01
2.647329159782663699e-01
2.506885005482311635e-01
2.464323257380682530e-01
2.418545233671898498e-01
2.381429070160842321e-01
2.348092865555527486e-01
2.277117214099105003e-01
2.204003005469445664e-01
2.188577202243217612e-01
2.228184353804936457e-01
2.211888484136365907e-01
2.203624448911459255e-01
2.200429586888249245e-01
2.142800327068320743e-01
2.093795572661540649e-01
2.030745578062443379e-01
1.988655841407867553e-01
1.991635063706442277e-01
1.937918390322010964e-01
1.852896013040477019e-01
1.815865952521562576e-01
1.780527488924562862e-01
1.708728098460743638e-01
1.681682364787997208e-01
1.618378075053457377e-01
1.506410035158484428e-01
1.378267325460910686e-01
1.202855707780152855e-01
1.036876922047113014e-01
7.981773650544321530e-02
6.264038485121624367e-02
4.421210834837478038e-02
2.658760938139861224e-02
9.852686979338130813e-03
-4.331636383929955356e-03
-1.700574560678220007e-02
-3.289748924699696653e-02
-4.543408020100462436e-02
-5.818442313466221094e-02
-7.430912164327140024e-02
-8.048790081773164740e-02
-9.001449669400850284e-02
-1.020686698611825705e-01
-1.173746699413049516e-01
-1.312866589857959176e-01
-1.436667560350776973e-01
-1.592365060374140717e-01
-1.723450805352191861e-01
-1.846563385381382316e-01
-1.970204738996078064e-01
-2.076180930792664581e-01
-2.181174445309136956e-01
-2.255965820810896250e-01
-2.341095654153695638e-01
-2.381492770155486938e-01
-2.466713161013283639e-01
-2.572821004937092537e-01
-2.724031614495462383e-01
-2.791731130670417338e-01
-2.880392892650146530e-01
-2.859000049228238582e-01
-2.785275893833707439e-01
-2.824334169161461516e-01
-2.779711371803857967e-01
-2.759828868253929035e-01
-2.798658454399786111e-01
-2.793972335290163533e-01
-2.634331012451195941e-01
-2.554427237273790841e-01
-2.513672435148195938e-01
-2.430387934375750347e-01
-2.361643059055010541e-01
-2.331127496058675030e-01
-2.378241806099676003e-01
-2.390097510069608688e-01
-2.474026613881890324e-01
-2.545023132913878938e-01
-2.643978234002555827e-01
-2.839289894875358100e-01
-3.116059283267206270e-01
-3.352638100358573126e-01
-3.567429592976203434e-01
-3.850800545187667012e-01
-4.044298142904326765e-01
-4.180469654740825991e-01
-4.362142605126881345e-01
-4.537810835987329261e-01
-4.722333693150746470e-01
-4.890537861863086810e-01
-4.977284047687262625e-01
-5.007672418973275752e-01
-4.855959756807847194e-01
-4.727979688732712460e-01
-4.539252665807615994e-01
-4.345233268462694864e-01
-4.236537188875909021e-01
-4.204429429769516169e-01
-4.241766497796895519e-01
-4.187282364194591655e-01
-4.187861379790813188e-01
-4.183077125445656130e-01
-4.140949083699120292e-01
-4.148641286248510585e-01
-4.180418973745301803e-01
-4.133596420288085938e-01
-4.178656877540960490e-01
-4.260962635278701671e-01
-4.407013177107542146e-01
-4.654432770453001411e-01
-5.045167642670709274e-01
-5.352596027983559379e-01
-5.701596873147146693e-01
-5.938316855360480373e-01
-6.170169331810690938e-01
-6.363234240561723709e-01
-6.512265964861838619e-01
-6.711020822326342339e-01
-6.946490674183286584e-01
-7.094463855028152466e-01
-7.228825677324224319e-01
-7.350856581559548353e-01
-7.300604534149169877e-01
-7.387844001253446313e-01
-7.642235561557437773e-01
-7.662287991155277700e-01
-7.735991676648458215e-01
-7.684052988886833635e-01
-7.601924569983231628e-01
-7.592137654622396203e-01
-7.611325874048120443e-01
-7.725755162537097931e-01
-7.738287011782328806e-01
-7.652303278446197510e-01
-7.502908569115859239e-01
-7.626318385203679773e-01
-7.990224578163840352e-01
-8.201035201549530251e-01
-8.387313220236036759e-01
-8.549046441912651062e-01
-8.919825128146580129e-01
-9.064520200093587610e-01
-9.304068803787231001e-01
-9.930789172649383545e-01
-9.639378984769185754e-01
-9.102640450000762939e-01
