9.999999955518922290e-01
9.496467280387878018e-01
9.142104984827377212e-01
8.739929533742293311e-01
8.357619494199752808e-01
7.996088571618406027e-01
7.679614624151817059e-01
7.354532083131603004e-01
7.068600961118164383e-01
6.878718277439475060e-01
6.609475469480010634e-01
6.314791333910666493e-01
6.030188338072212106e-01
5.667025287799101196e-01
5.312622341322389419e-01
5.031177667920948560e-01
4.731398611858084191e-01
4.449601252360836368e-01
4.150352871065827176e-01
3.900554003910376433e-01
3.675404663367495273e-01
3.420681629743840824e-01
3.159356145344299760e-01
2.948924059655224084e-01
2.764425872072661661e-01
2.562569917010312781e-01
2.390689872205257471e-01
2.224800766327942880e-01
2.093026579567635048e-01
2.034512710172769745e-01
1.951717621053171425e-01
1.913600351551876244e-01
1.861926840408842931e-01
1.777936739492274598e-01
1.631036299966766578e-01
1.426915911486349997e-01
1.323485611458167788e-01
1.117125603302222964e-01
1.002776363030350310e-01
8.985149574086621904e-02
7.752222238652269060e-02
7.058394838823005280e-02
6.711296001507800757e-02
6.468862623176714621e-02
6.704382893813264077e-02
7.193827294768431746e-02
6.590238592076685942e-02
6.263002262196758207e-02
6.454149269638886910e-02
6.608024893304038916e-02
7.094635755218417494e-02
7.450805636743704219e-02
8.104753194239315561e-02
7.827525940799229254e-02
7.483126400482087437e-02
6.894858612691702471e-02
6.698888311612194446e-02
6.886215037148860074e-02
6.437250669602748165e-02
6.138712634712877730e-02
5.574615859816260677e-02
4.886675362608262213e-02
4.945436279497129189e-02
4.150406160540338896e-02
3.712069482481392818e-02
4.390125532004544168e-02
4.298452715630884241e-02
4.784243109066094873e-02
4.508056970579283479e-02
4.394038721467509456e-02
3.539806122372623348e-02
2.440499334524457234e-02
9.859329046205032865e-03
-8.944888330006506294e-03
-2.124794678190561684e-02
-2.887508571739234517e-02
-2.853028649091720464e-02
-2.857558105531479015e-02
-2.934569886666003186e-02
-2.560500614345073700e-02
-2.005280307994401073e-02
-1.232067042340834889e-02
-1.025875369791223214e-02
-1.784989260673775641e-02
-1.888470206027611717e-02
-3.409104876155997360e-02
-3.681166029494741671e-02
-4.936871553460756706e-02
-6.134713698277430988e-02
-7.805521221598610282e-02
-8.450535198186968910e-02
-8.478185602209785399e-02
-9.279705382405070702e-02
-8.953958908440889930e-02
-7.688335444186335244e-02
-6.693268774674748789e-02
-5.318080875135603597e-02
-4.562443401664495468e-02
-3.700213333212055977e-02
-2.620714599741440221e-02
-2.004237930373390167e-02
-1.412493169307708733e-02
-1.627209929354262938e-02
-9.999109394088084163e-03
-1.115158918438498466e-02
-1.745020574890077114e-02
-2.100445330142974854e-02
-1.831477262238238868e-02
-1.137756726514267680e-02
4.655373404207437029e-04
1.344528638727062429e-02
2.153308859301937897e-02
2.769132000341844105e-02
3.558870879086581396e-02
4.476782885091058067e-02
5.251380905162456730e-02
5.771011043997371914e-02
6.061589318726744169e-02
7.174721952662410640e-02
8.836917597346188868e-02
9.714065896876064587e-02
1.034969995729625170e-01
1.083805882666684373e-01
1.172728702808037843e-01
1.351437668328161479e-01
1.572006921725053463e-01
1.786494711041450578e-01
2.108133417126294706e-01
2.349352636565900931e-01
2.494268744485452771e-01
2.632825538306168833e-01
2.835653830851827539e-01
2.978218913726184414e-01
3.176872932954746265e-01
3.371225644959442436e-01
3.511958876342484714e-01
3.659865465301733733e-01
3.652209095889702439e-01
3.822178131649418553e-01
3.916873905447221804e-01
3.982400025744907146e-01
3.961888284732897891e-01
3.902235941614135006e-01
3.880190908395010907e-01
3.857700986820354894e-01
3.823721273136990173e-01
3.804655541073192482e-01
3.864236551992319413e-01
3.937363992884473918e-01
4.070326697367888102e-01
4.146116980734993462e-01
4.338677760958671303e-01
4.363131082179594888e-01
4.527183144818991423e-01
4.455571089019166875e-01
4.381960206057714524e-01
4.204207450151443703e-01
4.123062188313765808e-01
4.148817495551220258e-01
4.231220137860093877e-01
4.367475888078532487e-01
4.540316061582416185e-01
4.726148689022430793e-01
4.979905192005006920e-01
5.238966188217336617e-01
5.347876383198632011e-01
5.441080770322255233e-01
5.421079088632455578e-01
5.361001292864481238e-01
5.458317040465772152e-01
5.623617314042583804e-01
5.889313278098901039e-01
5.989988847025509155e-01
5.857998398797852335e-01
5.587218668725755233e-01
5.420082939358857876e-01
5.058886766433715598e-01
4.634285935511191501e-01
4.643546653830487037e-01
4.635148163546215505e-01
4.782922750427609504e-01
5.037325076758861764e-01
4.975371109811883019e-01
4.907211893134647007e-01
4.871515798218110094e-01
4.712234297767281532e-01
4.196608288213610760e-01
3.715226847146238520e-01
3.310480183706833723e-01
2.435395761082569666e-01
2.103086073290217906e-01
1.924703533761203400e-01
1.308880013724168234e-01
8.152459282428026199e-02
6.262689908700329322e-02
8.526556193828582764e-02
1.121304452419280978e-01
2.445066347718238831e-01
2.809386321653922214e-01
1.870104670524597168e-01
