9.999999919934059456e-01
9.546660402417183056e-01
9.227879155221296870e-01
8.842052553187716990e-01
8.525522566083724163e-01
8.177595869162861408e-01
7.848911281579580290e-01
7.527121788457266094e-01
7.193489583894379091e-01
6.881814260656634596e-01
6.574957834566450554e-01
6.249653054695379906e-01
5.864456335979478796e-01
5.557125663543318606e-01
5.202451206863245581e-01
4.884424562495882638e-01
4.556543002257475994e-01
4.302072573716387849e-01
4.030732184119237838e-01
3.806385601164548049e-01
3.550276928349753169e-01
3.335937893535527721e-01
3.116982105765595534e-01
2.879224023310823499e-01
2.638629870699708002e-01
2.440932458901608482e-01
2.267246618973357275e-01
2.060468376496399912e-01
1.886219470788633168e-01
1.716377445778181354e-01
1.575022268800707614e-01
1.422841910765889895e-01
1.293356263646359972e-01
1.046846439962142300e-01
8.954879845085436663e-02
7.534191990832247998e-02
6.832503568042408437e-02
5.486393465785446150e-02
4.086576466180064093e-02
2.731089535985647965e-02
1.739627635395674804e-02
5.122161842882633556e-03
-8.979248316407954095e-03
-2.083845417710799078e-02
-2.491030842065811157e-02
-3.210741971643307074e-02
-3.798450224341884396e-02
-4.144079072473497855e-02
-4.020354540081195333e-02
-4.094014893972167807e-02
-3.166637466048562860e-02
-3.222438263396421726e-02
-3.252970944815034016e-02
-4.326675238160139492e-02
-4.712972682298851440e-02
-5.213378464216238822e-02
-5.676298919936706433e-02
-5.642736483261816954e-02
-5.622617215230748394e-02
-6.145241620465063948e-02
-6.640581547527026063e-02
-6.857628862240484902e-02
-6.952375132027718840e-02
-6.784749136346837628e-02
-7.368940853235060595e-02
-7.160251998506925175e-02
-6.763280601827083294e-02
-5.761265861732301624e-02
-5.345463531469940577e-02
-4.531832138132868559e-02
-3.283542142967686706e-02
-2.194834566460205846e-02
-2.069338890471199635e-02
-1.531628610246116295e-02
-1.121819538511629154e-02
-7.403845115313454142e-03
-2.937101289629936041e-03
-1.347894765316478682e-03
1.423648884141348256e-03
8.949081276039608929e-03
2.086728941341323140e-02
2.983659679690996852e-02
4.157408514694005408e-02
5.183437673406580959e-02
6.619724325644664453e-02
6.869586370885372162e-02
8.137621027619942882e-02
8.072743453738982777e-02
8.431213800754167043e-02
7.915646103875977058e-02
7.906175126229320060e-02
7.347968117418614276e-02
6.676387180223924966e-02
6.573033156908220098e-02
6.900792271246976306e-02
7.260418834410747868e-02
7.267226839792870208e-02
7.556009963333892854e-02
8.280622941053029928e-02
9.041785010520149435e-02
9.649131911815983509e-02
1.112202459946274730e-01
1.181588720041091972e-01
1.289116899977076902e-01
1.289325139878951532e-01
1.290233395993709564e-01
1.160121295405061592e-01
1.031745641710276329e-01
8.081167255358029378e-02
6.796340777984131998e-02
4.911980024733385991e-02
3.382955268025398393e-02
1.485680219497573576e-02
-4.401182078502394700e-03
-2.682038974659196190e-02
-4.445585253280262550e-02
-6.625769366236293478e-02
-9.187101107090711594e-02
-1.181834325620747528e-01
-1.501246083346081950e-01
-1.762270471196115684e-01
-2.071588992141187302e-01
-2.318226608294474966e-01
-2.677212223792687640e-01
-2.944917003442714676e-01
-3.166242509001964134e-01
-3.314762415488560765e-01
-3.538547997941842160e-01
-3.841297591794027300e-01
-4.256152099826269741e-01
-4.645754590000904516e-01
-4.973830498754978069e-01
-5.310839278542477393e-01
-5.487355000394231741e-01
-5.687609430569321445e-01
-5.724159257881569207e-01
-5.775709645106241741e-01
-5.891406986629590392e-01
-6.027035050921969450e-01
-6.243989069855981899e-01
-6.521158863286502516e-01
-6.646908777455489137e-01
-6.818963747660992114e-01
-6.943593988644665149e-01
-7.043782851675099987e-01
-6.999429357903343973e-01
-6.890788078308105469e-01
-6.767327650277702444e-01
-6.657404712629768628e-01
-6.467443908063265079e-01
-6.406738465907526603e-01
-6.238534038513898761e-01
-6.083069772136454612e-01
-5.907718576490879059e-01
-5.634954884806846476e-01
-5.380401757910199256e-01
-5.178564539386166787e-01
-4.933176891539584608e-01
-4.908921057574970881e-01
-4.741907153455984236e-01
-4.679888942983092548e-01
-4.605961946770548709e-01
-4.747099015766229613e-01
-4.787977451556607034e-01
-4.907073491328471371e-01
-5.122927387969361535e-01
-5.336172431707382202e-01
-5.572560346301864698e-01
-5.813748976497938870e-01
-6.126118476968258619e-01
-6.346202199497530394e-01
-6.383785436550776238e-01
-6.386742360632995386e-01
-6.335396505892276764e-01
-6.260136793609019090e-01
-6.274162946412196185e-01
-6.228710389137268599e-01
-6.180968983098864555e-01
-6.298562022654906611e-01
-6.593023389577865601e-01
-7.043340163571494283e-01
-7.333229050040245278e-01
-7.539978482221302292e-01
-7.585708283715777434e-01
-7.491807218860176976e-01
-7.101293560117483139e-01
-6.651660323143004927e-01
-6.531462201050349803e-01
-6.311559883447793728e-01
-6.164973415434360504e-01
-6.449180922724984111e-01
-6.862832903861999512e-01
-7.197445697254605257e-01
-7.581658586859703064e-01
-8.462805066789899078e-01
-8.708730836709340783e-01
-9.204874038696289062e-01
-9.746448695659637451e-01
-9.723272323608398438e-01
-9.157600104808807373e-01
