1.000000005930810509e+00
9.566380339860915960e-01
9.254098208106342760e-01
8.952277219957776033e-01
8.610160696476244491e-01
8.314300820383490054e-01
8.038601146294520605e-01
7.787311882855966205e-01
7.551322570118879085e-01
7.365700330119580030e-01
7.221913000676020156e-01
7.026944957281413551e-01
6.869693321604577463e-01
6.709754514963702787e-01
6.582277148643279618e-01
6.468959076991004364e-01
6.324041808779174989e-01
6.246416755982310276e-01
6.118461593496994366e-01
6.072984485897224838e-01
6.055037202673722030e-01
6.017346513354115967e-01
5.985191343196111236e-01
5.911962165172850447e-01
5.844978424010135454e-01
5.748611839742145957e-01
5.697730438198361780e-01
5.666151794808349518e-01
5.621946314188269733e-01
5.493977405997210184e-01
5.422814732842278218e-01
5.305040580165736319e-01
5.107981522495930182e-01
4.905651088670960336e-01
4.709902073920308463e-01
4.524257434419838853e-01
4.313533488548162986e-01
4.158892006579241185e-01
3.979774201917319343e-01
3.844629205349419099e-01
3.790060612170592647e-01
3.670056918635964394e-01
3.576565770514356091e-01
3.543256761379469100e-01
3.472977722075524798e-01
3.429581489270696060e-01
3.326085490925658195e-01
3.249313358652901607e-01
3.200083318245566799e-01
3.190148154175595496e-01
3.157173575747092009e-01
3.069364198793967380e-01
2.970278136082143416e-01
2.830578195484909076e-01
2.692433206909367605e-01
2.570132447967994893e-01
2.452057815831283072e-01
2.366566986052526245e-01
2.286019699348436351e-01
2.275000842498011988e-01
2.250117908846190617e-01
2.210583870432206444e-01
2.181540239843533235e-01
2.194543589932331229e-01
2.231216489806444880e-01
2.217389008797266969e-01
2.245246665931686092e-01
2.186101099142610249e-01
2.119894202910643788e-01
2.027736623686823003e-01
1.956688732136296904e-01
1.928676189568180321e-01
1.898367036740447322e-01
1.877444888232275844e-01
1.807744656139471384e-01
1.782274080056046595e-01
1.746325541734695397e-01
1.666919719878464101e-01
1.630085450483531595e-01
1.589786388957109553e-01
1.444636126749279104e-01
1.341854671326776216e-01
1.177064397356652886e-01
1.039497656984475771e-01
8.182337792574340130e-02
5.846375230185944794e-02
4.249676375285438984e-02
2.456328053877019149e-02
1.083814705499505648e-02
-4.467914828897586767e-03
-1.658051413995725518e-02
-3.245016395283693844e-02
-4.383183744043932240e-02
-5.558712728735473729e-02
-6.875172696102445358e-02
-8.034811966683504114e-02
-9.279915403042521271e-02
-1.098365950613067743e-01
-1.194039525699268217e-01
-1.373689160773567119e-01
-1.545092089488954712e-01
-1.657898405939340625e-01
-1.857041213661432266e-01
-1.966610555442012132e-01
-2.101067950584224742e-01
-2.120948946879555874e-01
-2.209285303754241758e-01
-2.303574475994769610e-01
-2.405997689372749715e-01
-2.481098624918123829e-01
-2.536114497662900757e-01
-2.664293875296910863e-01
-2.815816019860546415e-01
-2.840417610820044070e-01
-2.906782505926729376e-01
-2.876880680492451270e-01
-2.837849685812697809e-01
-2.910800564901104837e-01
-2.911687958761152162e-01
-2.893903583697066129e-01
-2.837750059495001698e-01
-2.842401741072535515e-01
-2.750164562294000192e-01
-2.665704705585271728e-01
-2.637248919768767075e-01
-2.528677357262686942e-01
-2.491133310397466161e-01
-2.484772062633891498e-01
-2.526082152704874351e-01
-2.579291848879721183e-01
-2.635382702442961578e-01
-2.718053550592490764e-01
-2.852958161653815772e-01
-3.007978472639532552e-01
-3.234509579948525171e-01
-3.438077445960406320e-01
-3.611637732157340630e-01
-3.881687284447252750e-01
-4.064912196426164748e-01
-4.260596654588176269e-01
-4.457086754626914948e-01
-4.657170514265696060e-01
-4.838460841673915547e-01
-4.967419149289871161e-01
-5.066162779142981964e-01
-5.080601131277424631e-01
-4.973838353698903925e-01
-4.817407870734179420e-01
-4.624808039867652765e-01
-4.424259270039888614e-01
-4.290213690084569431e-01
-4.259954428672790283e-01
-4.281462622540337937e-01
-4.201944634939233647e-01
-4.195242771442900254e-01
-4.139135894568070073e-01
-4.072612865103615865e-01
-4.106847308576107025e-01
-4.114163660032804648e-01
-4.105748654831023470e-01
-4.147527334166736246e-01
-4.296749442815780418e-01
-4.530051083136827361e-01
-4.773174269418967164e-01
-5.163463712544054118e-01
-5.385868276158968238e-01
-5.601539875779832922e-01
-5.893262445050126974e-01
-6.186149165485844703e-01
-6.365685602650046349e-01
-6.522832556116965330e-01
-6.740778158108393647e-01
-7.036064010241935840e-01
-7.225437707134655385e-01
-7.438652129084976083e-01
-7.491064839638196249e-01
-7.401603233814239013e-01
-7.461007870733737946e-01
-7.651860843534055157e-01
-7.753234492106870768e-01
-7.769097614855993150e-01
-7.794413432478904946e-01
-7.720874532272941071e-01
-7.674622750944561922e-01
-7.846906307865592067e-01
-8.020566087216138840e-01
-7.897345264752705374e-01
-7.920543338571276459e-01
-7.737563114899855821e-01
-7.789492607116699219e-01
-8.078281175006519765e-01
-8.271082460880279097e-01
-8.578102986017862586e-01
-8.720929175615310669e-01
-8.847253322601318359e-01
-9.146218200524648401e-01
-9.402719974517822488e-01
-9.787520170211791992e-01
-9.563272396723428992e-01
-9.391270875930786133e-01
