9.999999905107033182e-01
9.457551541924477112e-01
9.083846979704334190e-01
8.679833598058632749e-01
8.272225050454212747e-01
7.933556706625588539e-01
7.587667873654609929e-01
7.288490101771870622e-01
7.012469251664268377e-01
6.800167121303578588e-01
6.557860752830955153e-01
6.302613194051541745e-01
5.972532256255074223e-01
5.598298331247048010e-01
5.215173409106259594e-01
4.954942611036121103e-01
4.622161429476093764e-01
4.350594950677907913e-01
4.044418476822231323e-01
3.771956277458549667e-01
3.577151850421619872e-01
3.334903823211788909e-01
3.083347789110751358e-01
2.853590734616926472e-01
2.692570147751751630e-01
2.452213989718901865e-01
2.253525720323835135e-01
2.075906805051811743e-01
1.977949166788875723e-01
1.886953498713325739e-01
1.810237444632234738e-01
1.764330327291699085e-01
1.692119617698460698e-01
1.642756747702757425e-01
1.531841594023172770e-01
1.310633911291159692e-01
1.243466591744711858e-01
1.090994981719499018e-01
9.507585746561822426e-02
8.516101869122114087e-02
7.077223388767391044e-02
6.367551912553608140e-02
5.461909781274555675e-02
5.243938864220546586e-02
5.444089370738169203e-02
5.825024613967308418e-02
5.542983811709188691e-02
5.240323104254611397e-02
5.072313354174100980e-02
5.442542993267508039e-02
5.730533081766785164e-02
6.410760663449764640e-02
7.187180248582923647e-02
6.731532521646570177e-02
6.418217764217026833e-02
6.095668966945719941e-02
6.385573336276514911e-02
6.669967062771320343e-02
6.426526478433108869e-02
5.606831541993248513e-02
5.093821877917499574e-02
4.699678506170000547e-02
4.842546765806434589e-02
4.084822576007117456e-02
3.733413826918949990e-02
4.090339597314596176e-02
3.924753133345533496e-02
4.661491746777918915e-02
3.881347571548662834e-02
3.481456360807924644e-02
2.714419143118021113e-02
1.289664403750346265e-02
4.771892501171244930e-03
-1.003713480895385146e-02
-2.826563612095953082e-02
-3.967344245710779926e-02
-3.869089069962501626e-02
-3.774762054484698259e-02
-4.018014033014575409e-02
-3.849427206594435713e-02
-4.045303757033072434e-02
-3.505022403163214617e-02
-3.444839782324157773e-02
-4.554783264017206457e-02
-4.831451410029688476e-02
-5.574045680334855507e-02
-5.966925802438155513e-02
-6.497082343782510649e-02
-7.269644117460841160e-02
-8.302782005297817958e-02
-9.529185150791932846e-02
-9.972336536104028926e-02
-1.042747077352683543e-01
-1.046480562934583025e-01
-9.351883853011042080e-02
-8.233996396357158576e-02
-7.014440498536540780e-02
-6.061296064693193902e-02
-5.075859708838092316e-02
-4.370009743918975426e-02
-4.292329319632879475e-02
-3.557593077421188077e-02
-3.646934890385829936e-02
-2.830365946402355060e-02
-3.196372859871264571e-02
-3.811011502208808827e-02
-3.675589428136222941e-02
-3.701844700473420208e-02
-2.891341516728042349e-02
-1.316733099520206451e-02
-7.447506208996196655e-04
2.184404805302619761e-03
8.352388795255944950e-03
1.524667645042592813e-02
2.227408349000174412e-02
3.129743022281070153e-02
3.642085299772374746e-02
3.656732769949095491e-02
5.299923021391213934e-02
6.349598271090810264e-02
7.237773802545335866e-02
7.864556629210710248e-02
8.280851616512370506e-02
1.056390226078339073e-01
1.208104368347626273e-01
1.486755549711616387e-01
1.682234661777814166e-01
1.987414390754860816e-01
2.249978977727563334e-01
2.370212775551610584e-01
2.564440443062446229e-01
2.753563426434993966e-01
2.918200561965721418e-01
3.095598295331001282e-01
3.318540654075679552e-01
3.485765638337893768e-01
3.579593988565298313e-01
3.535349232261069119e-01
3.691934947338368911e-01
3.733490278583861399e-01
3.832316905504367655e-01
3.786974641184012169e-01
3.705640652422177439e-01
3.712536803735741464e-01
3.699939282970470256e-01
3.663467394321092696e-01
3.700886513699184754e-01
3.817237195110431691e-01
3.873386738716431132e-01
3.993283109023020860e-01
4.040449880355713175e-01
4.199749415367841632e-01
4.227184993880135910e-01
4.336207845869163857e-01
4.275009350732286162e-01
4.186395708390552306e-01
4.034673420919312470e-01
3.975341844965111227e-01
4.011292419461316983e-01
4.141834344093998088e-01
4.317956752166515200e-01
4.531882369890808948e-01
4.746014021145991690e-01
4.944728475652243049e-01
5.232080635488838283e-01
5.281962044537067413e-01
5.226344127740178980e-01
5.200458289507556842e-01
5.326010237137476233e-01
5.467395226005464792e-01
5.564979204247074707e-01
5.787078000605105910e-01
6.037416494098203357e-01
5.983680587794099059e-01
5.864248303351579095e-01
5.522234669098486926e-01
5.122223895788192705e-01
4.735735754172007428e-01
4.531773536101631472e-01
4.561539001085541667e-01
4.780330870832715795e-01
4.928289607167243846e-01
5.084712740622068239e-01
5.065283626317977905e-01
4.996115539003820882e-01
4.861271814443171024e-01
4.324466298023859623e-01
3.823528262645205511e-01
3.553034717646929019e-01
2.777080299953619824e-01
2.775498262860558452e-01
2.458914555609226227e-01
2.244198355409834089e-01
1.775847598910331726e-01
1.650919850383485987e-01
1.661502619584401541e-01
1.928037852048873901e-01
2.364204786717891693e-01
2.520510976513226642e-01
1.539729610085487366e-01
