9.999999860625955472e-01
9.526567482948302690e-01
9.175491893111761277e-01
8.784567290785336713e-01
8.439375983579510132e-01
8.117659230317387786e-01
7.798157636171731966e-01
7.496228254947465697e-01
7.187071758385149556e-01
6.904025232264151546e-01
6.592785812797347100e-01
6.274148585764984798e-01
5.931718017728555559e-01
5.575117960651504445e-01
5.244272347280686253e-01
4.922101800079627942e-01
4.628944592902789479e-01
4.312452074626217935e-01
3.998661905812109785e-01
3.731385307836827536e-01
3.485158642352615410e-01
3.224842226339710849e-01
2.970018122428456087e-01
2.734767187784394316e-01
2.492809444034503608e-01
2.280696706253696471e-01
2.117127687696899740e-01
1.955851221821088837e-01
1.784694060424848738e-01
1.591223979336317818e-01
1.466229912656092371e-01
1.314824883333023942e-01
1.127154922564706924e-01
9.103926240156094696e-02
7.500120109605218355e-02
6.229325002395963429e-02
5.248785244696067831e-02
4.400877073043730353e-02
3.033619332898613782e-02
1.258288838981110394e-02
-6.759199527850061860e-03
-2.860833839513361385e-02
-5.475352906018682991e-02
-7.205867140164858020e-02
-8.868362396291107341e-02
-1.050010894258052857e-01
-1.180628105036674036e-01
-1.301722332061111265e-01
-1.383409919886807171e-01
-1.514809233087458240e-01
-1.660886742421333329e-01
-1.772084775567054626e-01
-1.929298395028450352e-01
-2.112730509677046009e-01
-2.302556683619817191e-01
-2.377763338489075340e-01
-2.451388318220089346e-01
-2.554614050701881633e-01
-2.611730259198408732e-01
-2.688635389097559503e-01
-2.815577332326706372e-01
-2.903606521098741622e-01
-2.926457816024692904e-01
-2.886696259450653446e-01
-2.852478447322645549e-01
-2.782149074106093911e-01
-2.700550828267027081e-01
-2.532725411175347219e-01
-2.387207368934961271e-01
-2.282057735278750776e-01
-2.090842806314694158e-01
-1.970840942974274035e-01
-1.796747057359348032e-01
-1.649857164593413472e-01
-1.456055070940903695e-01
-1.248237241709989204e-01
-1.035031574964523360e-01
-8.974559295682175974e-02
-6.911682991719828029e-02
-3.569947940404297887e-02
-6.829193123608581599e-03
2.027684034158786300e-02
4.920970407478949399e-02
7.974053622554924670e-02
1.106672974733205889e-01
1.436367989357175412e-01
1.794202019339022347e-01
2.103230177767966835e-01
2.415978278206513119e-01
2.644767508442912862e-01
2.849882191365903372e-01
3.015885607762770482e-01
3.175163948481236065e-01
3.279738631789331227e-01
3.420324596428425679e-01
3.489326415759212430e-01
3.585561736708595681e-01
3.596860804738333806e-01
3.689770935085213144e-01
3.843402390678723468e-01
3.924328576552100767e-01
4.056778619438409783e-01
4.195701170223529730e-01
4.326280518720040380e-01
4.433051703747400429e-01
4.494969127408694476e-01
4.515597860279836340e-01
4.501500537450563999e-01
4.410572506647597035e-01
4.225251594882296624e-01
4.073620566709356128e-01
3.888351041409704445e-01
3.646905939565615595e-01
3.480043926445597902e-01
3.387403686841328754e-01
3.339291450156028906e-01
3.239680519656223390e-01
3.082142851670228167e-01
2.979805292673857742e-01
2.872415776932384923e-01
2.700376540514421997e-01
2.547991554252803104e-01
2.395319145502923519e-01
2.243300079344174858e-01
1.988258674353748090e-01
1.786239176596465805e-01
1.549958014488220237e-01
1.330106537789106369e-01
1.058014237053998552e-01
8.208401532222826813e-02
6.038381474118836856e-02
4.514406408582415098e-02
2.887174514108810028e-02
5.254005465437383907e-03
-1.216210903071645449e-02
-1.610116028424465190e-02
-2.514648426037568302e-02
-3.169407043606042862e-02
-4.852224401538333953e-02
-6.713367926497612603e-02
-8.937112241983413696e-02
-9.759078721205392826e-02
-1.044349161497617196e-01
-1.144289306268609779e-01
-1.192634483439880544e-01
-1.156686139958245374e-01
-1.031601187180389012e-01
-1.056938781230537944e-01
-1.160670877346452745e-01
-1.334349667796721761e-01
-1.440182201126042616e-01
-1.473290389403700829e-01
-1.437640307205063916e-01
-1.460374475379163928e-01
-1.506183628547698994e-01
-1.655612112549336157e-01
-1.729321541057692591e-01
-1.933181363750587911e-01
-2.151976168848747373e-01
-2.296274714171886444e-01
-2.540936461854271800e-01
-2.910912260413169861e-01
-2.968757649740347282e-01
-3.194785449457795967e-01
-3.279381677810404572e-01
-3.408810835745599288e-01
-3.574746063777378691e-01
-3.789749968358698817e-01
-3.896735396349068625e-01
-3.948308699764311314e-01
-4.244283650731367485e-01
-4.344041758527358299e-01
-4.227701094129989734e-01
-4.011101199846182630e-01
-3.653649753994411831e-01
-3.197866462197943016e-01
-2.816379109211266107e-01
-2.549556575249880552e-01
-2.082964040986869658e-01
-1.813055175271901243e-01
-1.504582791101364836e-01
-1.209765211679041386e-01
-7.792194520956591264e-02
-4.980238651235898567e-02
-3.083526978597921422e-02
-5.198719911277294159e-03
1.800774534543355190e-02
4.273216000625065097e-02
8.964293507429269003e-02
1.455816822126507759e-01
2.225159075195816405e-01
2.726688306778669579e-01
3.220729803045590534e-01
3.606120869517326355e-01
4.366932947720800207e-01
4.044733904302120209e-01
4.407308250665664673e-01
3.800355046987533569e-01
3.875651980439822064e-01
3.679988682270050049e-01
