8.725509792566299438e-02 -4.159244298934936523e-01 -9.052035808563232422e-01
5.124505162239074707e-01 -9.480270743370056152e-02 -8.534675836563110352e-01
4.160826504230499268e-01 -4.052216708660125732e-01 -8.140457868576049805e-01
4.905737042427062988e-01 -4.865699410438537598e-01 -7.229019403457641602e-01
6.890975832939147949e-01 -5.281287431716918945e-01 -4.962100982666015625e-01
8.900936245918273926e-01 -3.594105839729309082e-01 -2.802808284759521484e-01
7.917958498001098633e-01 -5.646081566810607910e-01 -2.329741865396499634e-01
6.771292090415954590e-01 -5.701267719268798828e-01 -4.652433693408966064e-01
9.187924861907958984e-01 -3.928543925285339355e-01 -3.854700922966003418e-02
8.253242969512939453e-01 -5.573509931564331055e-01 -9.055164456367492676e-02
7.630299329757690430e-01 -5.198497772216796875e-01 -3.841113150119781494e-01
6.324548721313476562e-01 -6.506915688514709473e-01 -4.202395975589752197e-01
4.183317720890045166e-01 -8.061904311180114746e-01 -4.183963537216186523e-01
1.024569049477577209e-01 -7.992520928382873535e-01 -5.921981334686279297e-01
-5.528422817587852478e-02 -9.042099118232727051e-01 -4.234951138496398926e-01
1.775859296321868896e-01 -9.098008275032043457e-01 -3.751341104507446289e-01
5.197163224220275879e-01 -8.337453007698059082e-01 -1.864502727985382080e-01
6.325835585594177246e-01 -7.245078682899475098e-01 -2.737265825271606445e-01
7.539928555488586426e-01 -6.336328387260437012e-01 -1.732171177864074707e-01
5.593143105506896973e-01 -8.281049728393554688e-01 -3.754631057381629944e-02
3.700284659862518311e-01 -9.259232878684997559e-01 -7.579555362462997437e-02
5.225023627281188965e-01 -8.199906349182128906e-01 2.336806803941726685e-01
4.648940265178680420e-01 -8.665613532066345215e-01 -1.815073341131210327e-01
5.401239991188049316e-01 -8.061608672142028809e-01 2.416000217199325562e-01
4.217199385166168213e-01 -8.873339295387268066e-01 1.865230202674865723e-01
3.177947998046875000e-01 -8.630166053771972656e-01 3.926943242549896240e-01
4.262954890727996826e-01 -8.304787874221801758e-01 3.585764765739440918e-01
4.737024605274200439e-01 -8.505463600158691406e-01 2.284227162599563599e-01
7.385015487670898438e-01 -6.267707943916320801e-01 2.485434114933013916e-01
8.718696236610412598e-01 -1.439299285411834717e-01 4.681105911731719971e-01
7.581158876419067383e-01 -3.793407678604125977e-01 5.304346084594726562e-01
8.924204111099243164e-01 -3.561606109142303467e-01 2.770116329193115234e-01
8.215280771255493164e-01 -2.423301190137863159e-01 5.161082148551940918e-01
8.500036001205444336e-01 -9.610808640718460083e-02 5.179355144500732422e-01
8.769540786743164062e-01 -3.420237302780151367e-01 3.375965058803558350e-01
9.639555811882019043e-01 -7.030317187309265137e-02 2.566068768501281738e-01
9.305106401443481445e-01 -8.455997705459594727e-02 3.563698828220367432e-01
8.361046314239501953e-01 -2.015897035598754883e-01 5.101867914199829102e-01
8.927097916603088379e-01 -3.461813926696777344e-02 4.493003785610198975e-01
7.982970476150512695e-01 -2.305660247802734375e-01 5.563821792602539062e-01
8.015158176422119141e-01 -1.397938281297683716e-01 5.814036130905151367e-01
6.271477937698364258e-01 -3.456255495548248291e-01 6.980177164077758789e-01
5.384331941604614258e-01 -4.506335258483886719e-01 7.120527625083923340e-01
2.789345681667327881e-01 -6.381549239158630371e-01 7.176028490066528320e-01
1.359779983758926392e-01 -8.619381785392761230e-01 4.884388148784637451e-01
7.828108221292495728e-02 -8.659408092498779297e-01 4.939823746681213379e-01
9.712930023670196533e-02 -8.919193744659423828e-01 4.416397809982299805e-01
4.834225028753280640e-02 -9.687379598617553711e-01 2.433305382728576660e-01
1.757628917694091797e-01 -9.664255976676940918e-01 1.874272376298904419e-01
1.461476683616638184e-01 -9.780200123786926270e-01 1.487206369638442993e-01
3.048313558101654053e-01 -9.505743384361267090e-01 -5.904591456055641174e-02
2.259389609098434448e-01 -9.701877832412719727e-01 -8.767698705196380615e-02
3.218452632427215576e-01 -9.207155108451843262e-01 -2.206776440143585205e-01
4.833596050739288330e-01 -8.479052782058715820e-01 2.177615761756896973e-01
7.434470206499099731e-02 -9.925243854522705078e-01 -9.678943455219268799e-02
2.777321040630340576e-01 -9.597315192222595215e-01 4.219372570514678955e-02
4.075809568166732788e-02 -9.491833448410034180e-01 3.120733797550201416e-01
5.239831209182739258e-01 -8.073863387107849121e-01 2.712360620498657227e-01
2.704488337039947510e-01 -9.098114967346191406e-01 3.148024380207061768e-01
-5.178307369351387024e-02 -9.836731553077697754e-01 1.723533272743225098e-01
2.541234791278839111e-01 -9.359501600265502930e-01 2.437593042850494385e-01
3.714564144611358643e-01 -8.908232450485229492e-01 2.616372108459472656e-01
6.059714555740356445e-01 -7.954852581024169922e-01 1.368635334074497223e-03
6.043570637702941895e-01 -7.966825962066650391e-01 7.030885666608810425e-03
5.852895379066467285e-01 -8.075258135795593262e-01 7.306291908025741577e-02
3.801814019680023193e-01 -9.217631220817565918e-01 -7.625516504049301147e-02
2.474873214960098267e-01 -9.368194937705993652e-01 -2.472231686115264893e-01
1.282026767730712891e-01 -6.265015006065368652e-01 -7.688042521476745605e-01
1.657951027154922485e-01 -5.080947875976562500e-01 -8.451932072639465332e-01
-1.028607860207557678e-01 -1.012203991413116455e-01 -9.895322322845458984e-01
-1.979072391986846924e-01 -1.568148285150527954e-01 -9.675959348678588867e-01
6.745038926601409912e-02 -4.583005309104919434e-01 -8.862342238426208496e-01
2.423870712518692017e-01 -3.036268651485443115e-01 -9.214441180229187012e-01
4.363019466400146484e-01 -2.195101976394653320e-02 -8.995325565338134766e-01
3.950906991958618164e-01 7.240948081016540527e-02 -9.157839417457580566e-01
2.417640089988708496e-01 -4.490753412246704102e-01 -8.601636886596679688e-01
6.827011704444885254e-02 -3.196725249290466309e-01 -9.450654387474060059e-01
3.305880427360534668e-01 -5.712885260581970215e-01 -7.512263059616088867e-01
5.339647531509399414e-01 -1.988542377948760986e-01 -8.217898607254028320e-01
-2.257886715233325958e-02 -3.508833348751068115e-01 -9.361469149589538574e-01
-3.178259730339050293e-02 -6.239781379699707031e-01 -7.807952165603637695e-01
-1.554394662380218506e-01 -4.522801339626312256e-01 -8.782262802124023438e-01
-5.291651487350463867e-01 -4.206281304359436035e-01 -7.369235157966613770e-01
-2.980946898460388184e-01 -5.955626964569091797e-01 -7.459521293640136719e-01
-3.398218154907226562e-01 -6.473687291145324707e-01 -6.822277903556823730e-01
-6.445114612579345703e-01 -5.656259059906005859e-01 -5.144631862640380859e-01
-8.860422670841217041e-02 -9.281228780746459961e-01 -3.615760803222656250e-01
-2.159443646669387817e-01 -8.109805583953857422e-01 -5.437633991241455078e-01
7.421447336673736572e-02 -8.765953779220581055e-01 -4.754710495471954346e-01
8.865335583686828613e-02 -9.821892380714416504e-01 1.656649708747863770e-01
4.866081848740577698e-02 -9.935008287429809570e-01 1.028994321823120117e-01
-3.684433102607727051e-01 -8.282033205032348633e-01 4.222900867462158203e-01
-1.380137503147125244e-01 -7.556970715522766113e-01 6.402141451835632324e-01
-2.798864617943763733e-02 -5.967359542846679688e-01 8.019493818283081055e-01
-4.764607250690460205e-01 -5.288214087486267090e-01 7.023767232894897461e-01
-6.035625934600830078e-01 -6.566003561019897461e-01 4.523141980171203613e-01
-6.212201714515686035e-01 -7.204746007919311523e-01 3.082237243652343750e-01
-7.754480242729187012e-01 -6.290262937545776367e-01 5.483015999197959900e-02
-7.153007388114929199e-01 -6.807247400283813477e-01 1.579829901456832886e-01
-8.043853640556335449e-01 -5.550674200057983398e-01 2.118121236562728882e-01
-6.986426115036010742e-01 -6.189885735511779785e-01 3.588198125362396240e-01
-3.977932631969451904e-01 -7.157676219940185547e-01 5.739662051200866699e-01
-5.265818238258361816e-01 -3.801442980766296387e-01 7.603958845138549805e-01
-5.476406216621398926e-01 -3.002400994300842285e-01 7.809900641441345215e-01
-4.647108614444732666e-01 -9.651004523038864136e-02 8.801872730255126953e-01
-3.217363059520721436e-01 3.174317777156829834e-01 8.920329809188842773e-01
-2.398925870656967163e-01 4.568331688642501831e-02 9.697239995002746582e-01
-2.062150090932846069e-01 -1.281380094587802887e-02 9.784227609634399414e-01
-4.017362892627716064e-01 1.283652428537607193e-02 9.156653881072998047e-01
-1.369291692972183228e-01 -9.290029108524322510e-02 9.862149357795715332e-01
2.499975115060806274e-01 2.956075370311737061e-01 9.220181703567504883e-01
2.982904613018035889e-01 2.421604692935943604e-01 9.232448935508728027e-01
2.865408062934875488e-01 1.122436136938631535e-03 9.580674171447753906e-01
4.625114202499389648e-01 -7.513365894556045532e-02 8.834241032600402832e-01
3.847072124481201172e-01 1.185662150382995605e-01 9.153919219970703125e-01
2.165377289056777954e-01 2.679545432329177856e-02 9.759064316749572754e-01
2.347756028175354004e-01 6.249017268419265747e-02 9.700388908386230469e-01
2.427586317062377930e-01 3.026802539825439453e-01 9.216576814651489258e-01
-1.002654992043972015e-02 4.229900836944580078e-01 9.060788750648498535e-01
2.323465347290039062e-01 6.631936430931091309e-01 7.114697694778442383e-01
2.096074223518371582e-01 6.787773370742797852e-01 7.037940621376037598e-01
7.454873621463775635e-02 6.237344145774841309e-01 7.780731916427612305e-01
2.558556795120239258e-01 6.199481487274169922e-01 7.417560815811157227e-01
-8.737608045339584351e-02 3.973170816898345947e-01 9.135121703147888184e-01
-3.422356843948364258e-01 3.472939133644104004e-01 8.730759620666503906e-01
-1.714371442794799805e-01 3.002728521823883057e-01 9.383205771446228027e-01
-3.174256682395935059e-01 4.173493385314941406e-01 8.515048027038574219e-01
-6.529483199119567871e-01 3.913234770298004150e-01 6.484785676002502441e-01
-6.204469799995422363e-01 7.317614555358886719e-01 2.820827662944793701e-01
-5.132485032081604004e-01 8.494979143142700195e-01 1.221855878829956055e-01
-6.639099717140197754e-01 7.466956973075866699e-01 4.085411503911018372e-02
-6.731629371643066406e-01 6.832623481750488281e-01 2.828501164913177490e-01
-6.485825181007385254e-01 7.503567337989807129e-01 1.276931017637252808e-01
-8.245443105697631836e-01 5.624296665191650391e-01 -6.164056062698364258e-02
-6.129638552665710449e-01 7.890952825546264648e-01 4.004994407296180725e-02
-7.557439804077148438e-01 6.486133933067321777e-01 -9.028674662113189697e-02
-6.430157423019409180e-01 7.629557251930236816e-01 -6.655319780111312866e-02
-6.511621475219726562e-01 5.875334739685058594e-01 4.804085195064544678e-01
-6.487456560134887695e-01 7.102342247962951660e-01 2.733064591884613037e-01
-2.873330712318420410e-01 8.264712691307067871e-01 4.841332435607910156e-01
-8.353656530380249023e-01 4.601837694644927979e-01 3.006576895713806152e-01
-8.498174548149108887e-01 4.164424836635589600e-01 3.230881989002227783e-01
-7.029191255569458008e-01 3.777386248111724854e-01 6.026759147644042969e-01
-3.886345028877258301e-01 4.194202125072479248e-01 8.203961253166198730e-01
-8.617194741964340210e-02 3.830136656761169434e-01 9.197146296501159668e-01
-2.195680737495422363e-01 1.603519618511199951e-01 9.623289704322814941e-01
-1.372559070587158203e-01 -1.049971804022789001e-01 9.849550127983093262e-01
-2.343726307153701782e-01 -3.770661950111389160e-01 8.960415720939636230e-01
-2.389760315418243408e-01 -8.156805485486984253e-02 9.675934910774230957e-01
-5.648496747016906738e-01 -2.225717306137084961e-01 7.946110367774963379e-01
-6.071050167083740234e-01 1.084476038813591003e-01 7.871865630149841309e-01
-3.967379927635192871e-01 3.021547570824623108e-02 9.174344539642333984e-01
-4.531786739826202393e-01 1.331788301467895508e-02 8.913202881813049316e-01
-4.492809474468231201e-01 -4.412276148796081543e-01 7.768299579620361328e-01
-2.094805091619491577e-01 -2.103464454412460327e-01 9.549199938774108887e-01
-1.369252204895019531e-01 -4.977771639823913574e-01 8.564282655715942383e-01
-2.392097562551498413e-01 -1.530519425868988037e-01 9.588294029235839844e-01
-3.194777369499206543e-01 -2.760222256183624268e-01 9.065018892288208008e-01
-4.091800749301910400e-01 -3.489856421947479248e-01 8.430780768394470215e-01
-1.627946048974990845e-01 -1.914107203483581543e-01 9.679152369499206543e-01
-2.415400743484497070e-01 -1.084417551755905151e-01 9.643126130104064941e-01
-8.985197544097900391e-02 -1.472631692886352539e-01 9.850077033042907715e-01
5.621489509940147400e-02 2.753312140703201294e-02 9.980390667915344238e-01
3.231739699840545654e-01 -1.060765013098716736e-01 9.403756260871887207e-01
3.103079497814178467e-01 -5.088244676589965820e-01 8.029984831809997559e-01
4.676216542720794678e-01 -5.176957845687866211e-01 7.164643406867980957e-01
4.509407579898834229e-01 -8.571604490280151367e-01 2.488543391227722168e-01
4.938213229179382324e-01 -8.195368647575378418e-01 2.906886041164398193e-01
6.195959448814392090e-01 -6.568539142608642578e-01 4.297018647193908691e-01
5.488754510879516602e-01 -7.150517702102661133e-01 4.329395294189453125e-01
7.097158432006835938e-01 -5.702872872352600098e-01 4.136132001876831055e-01
6.086554527282714844e-01 -6.428464055061340332e-01 4.650666713714599609e-01
8.307194709777832031e-01 -4.492060244083404541e-01 3.288147449493408203e-01
7.154619097709655762e-01 -4.759550094604492188e-01 5.114499330520629883e-01
7.647753953933715820e-01 -5.596821308135986328e-01 3.191778957843780518e-01
6.992608308792114258e-01 -6.935499906539916992e-01 1.732705086469650269e-01
5.695835351943969727e-01 -7.896604537963867188e-01 2.280591130256652832e-01
6.030535101890563965e-01 -5.814406275749206543e-01 5.461255908012390137e-01
4.407808482646942139e-01 -7.533656954765319824e-01 4.880085587501525879e-01
3.427000939846038818e-01 -8.336127996444702148e-01 4.331816732883453369e-01
2.344345599412918091e-01 -7.505152225494384766e-01 6.178731918334960938e-01
4.241992235183715820e-01 -8.040038943290710449e-01 4.166926741600036621e-01
4.617628753185272217e-01 -6.890980005264282227e-01 5.584970712661743164e-01
4.685016274452209473e-01 -6.106818914413452148e-01 6.384150981903076172e-01
1.333035677671432495e-01 -7.002909183502197266e-01 7.013007402420043945e-01
7.213529199361801147e-02 -8.917320370674133301e-01 4.467778801918029785e-01
2.060455530881881714e-01 -9.368692636489868164e-01 2.825262844562530518e-01
2.422493994235992432e-01 -8.799565434455871582e-01 4.086462259292602539e-01
3.194573521614074707e-01 -8.748437762260437012e-01 3.641363978385925293e-01
6.468492746353149414e-01 -6.837992668151855469e-01 3.376455605030059814e-01
3.936599791049957275e-01 -8.346209526062011719e-01 3.852787613868713379e-01
6.260885596275329590e-01 -7.778329253196716309e-01 5.467302724719047546e-02
3.938221633434295654e-01 -9.190281033515930176e-01 -1.706971041858196259e-02
6.096039414405822754e-01 -7.873618006706237793e-01 -9.189415723085403442e-02
-2.487137019634246826e-01 -9.379625320434570312e-01 2.415942251682281494e-01
-4.960136413574218750e-01 -8.664831519126892090e-01 5.636950209736824036e-02
-5.746579766273498535e-01 -7.014808654785156250e-01 4.215362370014190674e-01
-5.395386815071105957e-01 -8.397607207298278809e-01 6.082775443792343140e-02
-3.128221929073333740e-01 -8.906448483467102051e-01 -3.299910128116607666e-01
-1.178117748349905014e-02 -9.998267292976379395e-01 -1.441240217536687851e-02
