9.999999890280006909e-01
9.562821793556213201e-01
9.276292720931259561e-01
9.088041382004515834e-01
8.889486205759387083e-01
8.683952902044568267e-01
8.446020412139403355e-01
8.193039643703047270e-01
7.941993460290790452e-01
7.721649884188082069e-01
7.444976504248473903e-01
7.131674327348408449e-01
6.801880489955977049e-01
6.512050916777646359e-01
6.207904945959381582e-01
5.860675682704294953e-01
5.527652762226156202e-01
5.202242324088254266e-01
4.878407779093730245e-01
4.597841375149213095e-01
4.307394217885001653e-01
4.008324627143641239e-01
3.721104496725777810e-01
3.442905319833688416e-01
3.211417193077293897e-01
2.951599294743077473e-01
2.735517241273607292e-01
2.536686667209041568e-01
2.369213290189559618e-01
2.240406769371136586e-01
2.038065325795558325e-01
1.867416120189077655e-01
1.758654513038121758e-01
1.587611585522868685e-01
1.435009392681057538e-01
1.282312990199909186e-01
1.147324117972995244e-01
1.004368890667470537e-01
9.078183009123509672e-02
8.416434837344252684e-02
8.299547391625479442e-02
7.814296281430870017e-02
7.272016081326412862e-02
7.126228765384116925e-02
6.633211717389192463e-02
5.690549844756531694e-02
5.301420698242802904e-02
4.651879180561412780e-02
4.277282721953454270e-02
4.069099183451678481e-02
3.996135236769421395e-02
4.458757025500138804e-02
4.582343259263758906e-02
5.101096101507947289e-02
5.350065058996888306e-02
5.398530043559531671e-02
6.200872551778267155e-02
7.112472116326291893e-02
7.498865855948907977e-02
8.100963591165105671e-02
8.636155307081573584e-02
9.096404779702424448e-02
8.740165374047464963e-02
8.935166815754727598e-02
8.910699490539349121e-02
8.367019165855120455e-02
7.582959771432258578e-02
8.058113558912899377e-02
8.766478238473261742e-02
9.255338082033576219e-02
1.040551816006653196e-01
1.131139717100617947e-01
1.236359132814777023e-01
1.350756341125816107e-01
1.416938011571178269e-01
1.507835068281680735e-01
1.603241951167583557e-01
1.628509919204178258e-01
1.654033630904628016e-01
1.700778450572588418e-01
1.792235848116726926e-01
1.868216481059789547e-01
1.933138881410871313e-01
1.983842726607444040e-01
1.995837640685912961e-01
1.969328939850474303e-01
2.026406387434057654e-01
2.003621833170192157e-01
1.961314989731902658e-01
1.951275705692491480e-01
1.865482523299015205e-01
1.790282162922349762e-01
1.703541502356529236e-01
1.613630098463208484e-01
1.512569334427608381e-01
1.322189076399465646e-01
1.202706744628293106e-01
1.055272494872602079e-01
8.443203409319942343e-02
6.887608204109996191e-02
5.857474674092660871e-02
4.086213793605566330e-02
2.284085769394431434e-02
6.296070558684212356e-04
-2.020752752564617186e-02
-3.660413155254597234e-02
-5.968298033664101027e-02
-7.930439379700321423e-02
-1.085591730811903549e-01
-1.344322513424507926e-01
-1.572603374146498145e-01
-1.769140517959991998e-01
-1.883357796776160831e-01
-1.966277840123935305e-01
-2.066693058365891844e-01
-2.257912532902907610e-01
-2.474731266060296309e-01
-2.563104920887521176e-01
-2.603009941437876562e-01
-2.738462818513919816e-01
-2.849464535621213379e-01
-2.981342023238539585e-01
-3.082394092049025036e-01
-3.215067811453571900e-01
-3.273836435484034912e-01
-3.476797191328124259e-01
-3.650168831025560889e-01
-3.893638898089930578e-01
-4.065257769129047571e-01
-4.247333895828988570e-01
-4.538359361845002993e-01
-4.676479948152388877e-01
-4.829908447421115136e-01
-4.914360748713507143e-01
-4.966647709761537466e-01
-5.036957546165494737e-01
-5.196905036385243148e-01
-5.349067295319400728e-01
-5.497052174889378584e-01
-5.653312227899028874e-01
-5.741243344105657620e-01
-5.893373037377993562e-01
-6.012717386928655428e-01
-6.013715282596391321e-01
-5.992339113563821540e-01
-5.999130416395408449e-01
-6.020815411074594836e-01
-6.032274147426640587e-01
-6.014661519032604708e-01
-6.052098371661626119e-01
-5.932791005162632025e-01
-5.872814267873763816e-01
-5.735265157964765104e-01
-5.468192926297584799e-01
-5.167768473954911235e-01
-5.040340868999129142e-01
-4.976795916755994420e-01
-4.898088598115877823e-01
-4.718670647504717985e-01
-4.624889975502377570e-01
-4.489267744669100391e-01
-4.369635364040732606e-01
-4.168609604239463806e-01
-3.826797717299900703e-01
-3.582072568100851950e-01
-3.531341091212298888e-01
-3.444521425025803829e-01
-3.332072901813423194e-01
-3.210257727539900796e-01
-3.001335553126409650e-01
-2.852326643563086184e-01
-2.844864358504613500e-01
-2.678144926141048376e-01
-2.645707643324775593e-01
-2.576718529065449848e-01
-2.451784159415043296e-01
-2.216240614652633667e-01
-1.919637800504764014e-01
-1.708968200761338818e-01
-1.758789863776076823e-01
-1.834706163832119652e-01
-2.189916130155324936e-01
-2.288901119639998871e-01
-2.442319296921292848e-01
-2.671840587521300825e-01
-2.710765907540917397e-01
-2.433792670567830330e-01
-2.372756110770361804e-01
-2.170712787371415486e-01
-2.660679991046587811e-01
-3.104818856174295649e-01
-3.448907971382141335e-01
-3.999198956622017631e-01
-4.541822988539934158e-01
-4.174075850418635936e-01
-3.532135635614395142e-01
-2.673836469650268666e-01
-1.981623880565166473e-01
-2.829164266586303711e-01
-2.991704493761062622e-01
