9.999999961449732577e-01
9.550674548745154979e-01
9.218501474090556869e-01
8.884827649653560533e-01
8.580397827371122332e-01
8.381394419286932740e-01
8.134035738614889821e-01
7.872784670787987826e-01
7.620514874862883703e-01
7.379794555987851945e-01
7.138709432752656792e-01
6.891760199477797721e-01
6.642180622097045850e-01
6.342196300492047856e-01
6.076653438376232730e-01
5.804232993433552368e-01
5.489354508148657219e-01
5.177435535208686490e-01
4.961854457203807578e-01
4.730743484387358588e-01
4.513227606593574470e-01
4.301866235832373375e-01
4.063712118099854775e-01
3.814603580434001162e-01
3.602037322049760348e-01
3.322257597465068102e-01
3.035181251593998542e-01
2.743707107722587746e-01
2.417034593362339667e-01
2.093325093778413415e-01
1.796785038378503618e-01
1.525444657267893134e-01
1.262548603117465973e-01
1.019464718577052925e-01
7.797097730377834657e-02
5.013923746455146296e-02
1.982157320687264954e-02
-1.543937227120850166e-02
-5.591617240084826440e-02
-8.881118717706865118e-02
-1.194734242253051720e-01
-1.437171428464353029e-01
-1.693206337052133859e-01
-1.964900829900008972e-01
-2.227340334623008067e-01
-2.520445071471233978e-01
-2.774790709297503266e-01
-3.130662525677448960e-01
-3.440284760900182426e-01
-3.797360014807629192e-01
-4.202896803617477417e-01
-4.498682371278603931e-01
-4.825217693844097711e-01
-5.159841430549686470e-01
-5.374403007480562655e-01
-5.621710232880017255e-01
-5.779724252891951242e-01
-5.922545817059775564e-01
-6.053000746646544084e-01
-6.106574276173618587e-01
-6.125223992775518100e-01
-6.153898512146303013e-01
-6.176997400123438453e-01
-6.176339402740848028e-01
-6.143750107310114172e-01
-6.137320595683858349e-01
-6.069769890771972154e-01
-5.971480630504996112e-01
-5.851101383454817562e-01
-5.724741084444703310e-01
-5.626932192337876781e-01
-5.525549568808996170e-01
-5.417167025712109618e-01
-5.326145514845848083e-01
-5.235532134419350614e-01
-5.151016875983230880e-01
-5.009241738915443110e-01
-4.843117698065696475e-01
-4.725876336659842192e-01
-4.586142534848119401e-01
-4.510058583306872371e-01
-4.429925639803211079e-01
-4.370645263678386572e-01
-4.285290490330780910e-01
-4.152042980377490533e-01
-4.023386095168775545e-01
-3.874751478109670910e-01
-3.616810210637356193e-01
-3.376998241034756543e-01
-3.091281563974916935e-01
-2.855047053649081845e-01
-2.573839929293502693e-01
-2.270353496963277984e-01
-1.973478533327579498e-01
-1.731478246102962637e-01
-1.399199603441751150e-01
-1.137897462894519179e-01
-8.423516440850037368e-02
-5.323161130535949970e-02
-1.923538927061884882e-02
8.959677107263318979e-03
3.093842916190624182e-02
5.895968774954477715e-02
8.785221041465292313e-02
1.164816534434704454e-01
1.430061485152691603e-01
1.599040874132984513e-01
1.810635539128425398e-01
2.006414781014124460e-01
2.157664350436433454e-01
2.368049150803586966e-01
2.575543242610163208e-01
2.760663070203213110e-01
3.051831966096704707e-01
3.304377102517875864e-01
3.466997011456378619e-01
3.631782045697464767e-01
3.751139399551209896e-01
3.795750155506363854e-01
3.838151744226129813e-01
3.943146425586791515e-01
3.999229885637760051e-01
4.081761721474460591e-01
4.261340321256564256e-01
4.242277933018548386e-01
4.213298379786704628e-01
4.109792099396387677e-01
3.930216268510431932e-01
3.783184152147541224e-01
3.555555391228861217e-01
3.239089017602759246e-01
2.948772390506097518e-01
2.662516775122586998e-01
2.457002578851054664e-01
2.412523551663356136e-01
2.450945627960291751e-01
2.481032675275435806e-01
2.426730595179833472e-01
2.299410087012109249e-01
2.142534483103982756e-01
2.068916018136212065e-01
2.045620283732811628e-01
1.840439702747231898e-01
1.661446474749466440e-01
1.353424502569332555e-01
1.084079668591065027e-01
9.318102544004266963e-02
9.021507396742149687e-02
7.602196425761816034e-02
5.862844040474066154e-02
3.581028300173142581e-02
1.176743179559707614e-02
-1.260647299338360158e-02
-4.538994934409856796e-02
-6.949944453353577856e-02
-7.873853020693945270e-02
-7.950898210207621442e-02
-8.906953053718263957e-02
-9.686675546474235454e-02
-1.034721028769300111e-01
-1.205947191976919353e-01
-1.304982084780931528e-01
-1.290853628172324297e-01
-1.412370802932663982e-01
-1.624971245591704805e-01
-1.636434226400322323e-01
-1.872093006968498230e-01
-2.038701834047541850e-01
-2.133791970484184564e-01
-2.353189471177756786e-01
-2.505644545439750792e-01
-2.594199817627668159e-01
-2.534147680833421790e-01
-2.788012086280754476e-01
-2.875378661685519810e-01
-3.141259943636564023e-01
-3.283712959289550870e-01
-3.007310085619489537e-01
-2.966710193001705909e-01
-3.027386116710575892e-01
-3.008134436039697768e-01
-3.041118469089269527e-01
-2.913447892979571519e-01
-2.401326348384221487e-01
-2.192611615447437046e-01
-2.178181125782430172e-01
-2.025783315300941356e-01
-2.026860873614038661e-01
-2.125750436232640150e-01
-1.914721814294656210e-01
-1.680021719499067701e-01
-1.269999042153358570e-01
-7.374342282613118027e-02
-5.319353938102722168e-02
-9.244213785443987363e-02
-7.873214781284332275e-02
-1.764560043811798026e-02
4.216980747878551483e-02
1.133731603622436523e-01
1.828788295388221741e-01
