9.999999949588110892e-01
9.535821202397346541e-01
9.227458963442087825e-01
8.982553945647345772e-01
8.744221486264679433e-01
8.519720410814091149e-01
8.215993834229615711e-01
7.929654347988748242e-01
7.692226784911797566e-01
7.467401476266483096e-01
7.244626388382848781e-01
6.998311100821745789e-01
6.698599748766769224e-01
6.451253018520296534e-01
6.276255870327592801e-01
6.090477425454845495e-01
5.802280076049469715e-01
5.627455378720618295e-01
5.459834541820112186e-01
5.324751093451466355e-01
5.229251219361032987e-01
5.124533428500096521e-01
5.013399469827473087e-01
4.951132970412125966e-01
4.856860733006970188e-01
4.811851545977829381e-01
4.718074694382292655e-01
4.549848942685572606e-01
4.435312214248269824e-01
4.331165967335880995e-01
4.198029826651191176e-01
4.154546486542505246e-01
4.030939058439266254e-01
3.927031239228589432e-01
3.840437906119459344e-01
3.736091459237308454e-01
3.710869849179730395e-01
3.622224317727292253e-01
3.477006888736976498e-01
3.322968016160123272e-01
3.184807776062755225e-01
3.037251494126394502e-01
2.813708830577960063e-01
2.612942555400578071e-01
2.464972104236578532e-01
2.430686244908242533e-01
2.345979724920564946e-01
2.108374594214868225e-01
1.935928427169915089e-01
1.747214207180628753e-01
1.559479575332821666e-01
1.319113662590583047e-01
1.052119847412077425e-01
8.280947960510447181e-02
5.945310318449727877e-02
3.822292191014714513e-02
2.286179456217535613e-02
5.996770953061059117e-03
-1.023510538718917090e-02
-2.599724382162094116e-02
-3.318756195247596352e-02
-4.763571065185325665e-02
-5.728037923360042305e-02
-6.776298925388550554e-02
-8.017173675942594613e-02
-9.334653180421274843e-02
-1.007703546158693481e-01
-1.090890047932738666e-01
-1.265372126818375409e-01
-1.408822870756866463e-01
-1.555763125305867356e-01
-1.603732473575151807e-01
-1.678911351649336192e-01
-1.779768715787213296e-01
-1.918154368837048651e-01
-2.063000197744085662e-01
-2.190745673477649813e-01
-2.204453276260004979e-01
-2.263040400254048012e-01
-2.353941695611984908e-01
-2.462110377170822761e-01
-2.530533052670458916e-01
-2.560423099349777298e-01
-2.604869776168617368e-01
-2.615564000657480959e-01
-2.714962412378397749e-01
-2.679161109354185055e-01
-2.644445053056666550e-01
-2.592334101487577258e-01
-2.558434971475175290e-01
-2.466348291852989705e-01
-2.358018065379424433e-01
-2.211843823347616755e-01
-2.215378118346928160e-01
-2.238897424295683836e-01
-2.280756982992280246e-01
-2.378947309440090641e-01
-2.503161011980130080e-01
-2.655312041706830439e-01
-2.826049735440927524e-01
-3.091408026469226189e-01
-3.323078506067395077e-01
-3.541693415003593359e-01
-3.688535879613185631e-01
-3.871778130684931374e-01
-4.064366954068343030e-01
-4.238018307246659844e-01
-4.381634212554769148e-01
-4.617463383142665911e-01
-4.808253762514694829e-01
-4.992139930580998253e-01
-5.077424284484651773e-01
-5.052953894051273043e-01
-4.948563434352928891e-01
-4.866027585391340393e-01
-4.814084119401698669e-01
-4.803045780343168092e-01
-4.700526217264788253e-01
-4.612843664475234084e-01
-4.585041209328465373e-01
-4.659725341164035473e-01
-4.681665812153369410e-01
-4.713238887017286438e-01
-4.751352455753546367e-01
-4.792756907545127065e-01
-4.857255812048127952e-01
-4.857905052602290996e-01
-4.903560830531893400e-01
-4.888850480113943742e-01
-4.948621716143356553e-01
-5.071221034921390425e-01
-5.151303387113980170e-01
-5.227186210129571853e-01
-5.387988641638966625e-01
-5.571257437565433346e-01
-5.856946795953043017e-01
-6.006781505850645742e-01
-6.149892571847885847e-01
-6.340882721401396305e-01
-6.572257953305398193e-01
-6.703655685557693422e-01
-6.751589094599087515e-01
-6.787597874211053206e-01
-6.713327747480622998e-01
-6.699310305871462035e-01
-6.772880671279770670e-01
-6.849159322001717731e-01
-7.060100234769008942e-01
-7.181939392719628446e-01
-7.310175935809428704e-01
-7.204218177380514732e-01
-6.911371897161007194e-01
-6.666990068494057509e-01
-6.511738303427895280e-01
-6.288733284207100871e-01
-5.986986905336380005e-01
-5.745123027927345749e-01
-5.505153271369636059e-01
-5.466199090141196093e-01
-5.168900295559849534e-01
-4.962151116441662624e-01
-4.768665142357349507e-01
-4.488200455044324411e-01
-4.408674866304193585e-01
-4.252229526236250834e-01
-4.180999967373079662e-01
-4.197258372391973191e-01
-4.203966036438941956e-01
-4.177435722314949973e-01
-4.261025548912584782e-01
-4.255764891784037385e-01
-4.363180235028266685e-01
-4.477167406986499731e-01
-4.561133504446063802e-01
-4.614650129720016536e-01
-4.589807918438544854e-01
-4.650379860401153698e-01
-4.597967502971490039e-01
-4.527599238183187547e-01
-4.392940334298394145e-01
-4.340613636942136644e-01
-4.150003101676702499e-01
-3.917983048840573135e-01
-3.924346226784918290e-01
-3.903727347359937649e-01
-4.031424866989254951e-01
-4.293648858865102280e-01
-3.978821688464709849e-01
-3.490305227728990323e-01
-3.209159349401791705e-01
-2.508013478734276713e-01
-1.715553849935531616e-01
-1.042528914080725760e-01
2.986983582377433777e-02
3.972072260720389131e-02
4.741129527489344048e-02
1.014971584081649780e-01
1.728573665022850037e-01
1.333698630332946777e-01
2.087668068706989288e-01
