9.999999931795680030e-01
9.586205619573593406e-01
9.284854255728984818e-01
8.977672852048970142e-01
8.727573407482980272e-01
8.478413018949177982e-01
8.257687774988321516e-01
8.044250257620492173e-01
7.790146001030744394e-01
7.498474037274718285e-01
7.227948056095089280e-01
6.941083996311614435e-01
6.700940446326972832e-01
6.406321621083832518e-01
6.148708286212090091e-01
5.878673772708142842e-01
5.562736842277887783e-01
5.234022962800024548e-01
4.944710026144004122e-01
4.703179079077237090e-01
4.452348704454978101e-01
4.178627049033012408e-01
3.927952942734990183e-01
3.664481124599998085e-01
3.395991102492404989e-01
3.071828896010463938e-01
2.779639426512377498e-01
2.460215668911221454e-01
2.124195588117389899e-01
1.786884858143017729e-01
1.473959031247953355e-01
1.185846332241507206e-01
9.172052590275657502e-02
6.595176119091254729e-02
3.536794452877815853e-02
1.307172377605036150e-02
-1.542727030587918817e-02
-4.666755929952714349e-02
-7.447604798466149478e-02
-9.848713978297179983e-02
-1.181054087066502334e-01
-1.384383067488670349e-01
-1.584148229386821427e-01
-1.694660735894230330e-01
-1.809015314859949153e-01
-1.909982861521152264e-01
-1.995622450666081626e-01
-2.049919844351031639e-01
-2.137781408146705586e-01
-2.284434507846047901e-01
-2.394723729014593960e-01
-2.501883919537067347e-01
-2.588559880152644932e-01
-2.623014346683850695e-01
-2.654978814376454666e-01
-2.659342410935930934e-01
-2.703964626737709875e-01
-2.693748518617616883e-01
-2.688859190036366753e-01
-2.625305958774308279e-01
-2.620092286011666549e-01
-2.609622634149023623e-01
-2.619758591109471180e-01
-2.640391905130683448e-01
-2.628713058185403462e-01
-2.654434203115456081e-01
-2.702778269571286529e-01
-2.681273279656002928e-01
-2.708878453953990073e-01
-2.735782375728542104e-01
-2.815324024844715889e-01
-2.800397874787449726e-01
-2.845372432019821485e-01
-2.849719136720523238e-01
-2.911059021011112025e-01
-2.974599038679448526e-01
-3.052910770773887839e-01
-3.081206881831730637e-01
-3.158475569017776818e-01
-3.201472360457553457e-01
-3.326822066110027842e-01
-3.469309317258497116e-01
-3.626582160466859106e-01
-3.770931465077703160e-01
-3.966020484192249174e-01
-4.090679333834298936e-01
-4.210669227592322983e-01
-4.228325949393604843e-01
-4.265127457447547843e-01
-4.348478521237016947e-01
-4.360825074417097325e-01
-4.285902416164225071e-01
-4.235180947126461759e-01
-4.219207353200073451e-01
-4.192979582977072184e-01
-4.203109191554897373e-01
-4.227324069965453512e-01
-4.172684869800622476e-01
-4.120516651897754290e-01
-3.979477520082511099e-01
-3.918385923757116140e-01
-3.848897639662027248e-01
-3.738335690113029353e-01
-3.565957562199660869e-01
-3.499091025633910279e-01
-3.462167347703750120e-01
-3.375856515216200116e-01
-3.260656820134596456e-01
-3.138375633987047220e-01
-3.014538241955249109e-01
-2.955239464293469287e-01
-2.933233011927869338e-01
-2.806866730699378309e-01
-2.658821051432327942e-01
-2.477265398564009735e-01
-2.325553722506345788e-01
-2.230594669194782553e-01
-2.164484180864833518e-01
-2.075849347803966072e-01
-1.916452991526301219e-01
-1.750384562729317417e-01
-1.451091563329100498e-01
-1.200962084569508481e-01
-9.245050822695095871e-02
-6.779370195679849942e-02
-5.512133691655961981e-02
-3.431383947531382178e-02
-1.108104201990204804e-02
1.075295869209995023e-02
3.363151123954190302e-02
5.174720528679833953e-02
7.422664090991019925e-02
8.526318833447885104e-02
9.434069879353046417e-02
1.189010065299139079e-01
1.396601319764599614e-01
1.619106526558215797e-01
1.723973876796662807e-01
1.859628171438262589e-01
1.889065806904146883e-01
1.877488901869195370e-01
1.755102264384428568e-01
1.692450478420419180e-01
1.625017585425541367e-01
1.532559942519455543e-01
1.440269530617765137e-01
1.440740078687667847e-01
1.472194843270160647e-01
1.466959132900777785e-01
1.423060957055825582e-01
1.438327492306045452e-01
1.333589509129524120e-01
1.192543608497600161e-01
1.142438825530310426e-01
1.167537330629977721e-01
1.030577680338983920e-01
8.807741552591323575e-02
8.400209214199673424e-02
8.308025328225868145e-02
8.563978562042826037e-02
9.005801125270564145e-02
1.074080415070056971e-01
1.223869354296953232e-01
1.307573804729863232e-01
1.379813886172062687e-01
1.257566362619400024e-01
1.252428857343537427e-01
1.343139738721006171e-01
1.261047382246364146e-01
1.204092749394476414e-01
1.357578904398026032e-01
1.417590036988258251e-01
1.570344793385472781e-01
1.617008568719029427e-01
1.562650181629039736e-01
1.460965229914738539e-01
1.433629602193832453e-01
1.178045583268006596e-01
8.562842853691267353e-02
5.634907971728931458e-02
2.696364834195091528e-02
2.160471975803375175e-02
1.647258275433590574e-02
1.926706482966740810e-02
6.340361693326164796e-03
1.180010847747325897e-02
1.261043250560760567e-02
-3.616764502865927461e-02
-9.091294614168313193e-02
-1.206635485092798915e-01
-1.555030264637687065e-01
-2.225504934787750355e-01
-3.036575979656643276e-01
-3.835550844669342041e-01
-3.508463374205997853e-01
-2.811760455369949341e-01
-2.255298316478729359e-01
-2.021773532032966614e-01
-1.723613739013671875e-01
-2.813889086246490479e-01
