9.999999905107033182e-01
9.550418961048126043e-01
9.279450238050528377e-01
9.021979964742756763e-01
8.763061967598000379e-01
8.545231163805845354e-01
8.249312596443372225e-01
8.003698287090075247e-01
7.747028306358219041e-01
7.502333725375743834e-01
7.270524153651679589e-01
6.996486657152050093e-01
6.738801659651534326e-01
6.472728694690034201e-01
6.302967045436249638e-01
6.106082890883729464e-01
5.866871521682353041e-01
5.681045839724980784e-01
5.506083421775551656e-01
5.385473920134725700e-01
5.262939023646366898e-01
5.149393427082233909e-01
5.031592525937204075e-01
4.918327486414588168e-01
4.845319799447463938e-01
4.768292437180537968e-01
4.689816424782787263e-01
4.568373713984913986e-01
4.465898178690086429e-01
4.369815949263960997e-01
4.232407807214567108e-01
4.176684638156610285e-01
4.070334597187634795e-01
3.995422638864034592e-01
3.899114465195975820e-01
3.759382700166070124e-01
3.718947664354786964e-01
3.633734494583999441e-01
3.508410740392339799e-01
3.386331214397041989e-01
3.229457629809838748e-01
3.076618005172349624e-01
2.847917655588321217e-01
2.700990810518777985e-01
2.544012519584339937e-01
2.443544463708232639e-01
2.366365081360263245e-01
2.125288668245851331e-01
1.932834067132348232e-01
1.702574269821573172e-01
1.515103546125407263e-01
1.299976125856240616e-01
1.043134856494081081e-01
8.328710201926328716e-02
5.951956266752716357e-02
3.897144086658954620e-02
2.242835569998313794e-02
5.303082263304127394e-03
-6.614524480346199546e-03
-2.169968450153377665e-02
-3.232745823602304475e-02
-4.242180082947015485e-02
-5.439218861325610666e-02
-6.748056071607963502e-02
-7.959756921351390790e-02
-9.272722100072047779e-02
-1.032303561215047460e-01
-1.135507170180442560e-01
-1.311947818341335781e-01
-1.430275386947235383e-01
-1.521778504527707132e-01
-1.570501177929914949e-01
-1.624846790534581198e-01
-1.734928096593648661e-01
-1.835352675035947789e-01
-1.980694733737480007e-01
-2.093325502909720026e-01
-2.137449220453779553e-01
-2.182762755489930928e-01
-2.290387833872657430e-01
-2.363331423502815776e-01
-2.439735862116018950e-01
-2.515637157641413824e-01
-2.574989360804527672e-01
-2.568425586781440395e-01
-2.612370852027730561e-01
-2.598611798299395592e-01
-2.548114697269180384e-01
-2.520136771212637128e-01
-2.499795746656932882e-01
-2.411515837082186253e-01
-2.329528723928061262e-01
-2.179461665656588498e-01
-2.215683750670265351e-01
-2.260297285131762091e-01
-2.327350481009145822e-01
-2.437504570399011972e-01
-2.512916024917593583e-01
-2.658121184382623570e-01
-2.808819855472036164e-01
-3.052833637978770720e-01
-3.265168617293238706e-01
-3.509481976730655095e-01
-3.658403853068546430e-01
-3.853055602419622194e-01
-4.079591274882356511e-01
-4.226404288881703275e-01
-4.365462863698919005e-01
-4.631682858672193093e-01
-4.838828007164208689e-01
-4.948549214955214604e-01
-5.036672441495789743e-01
-4.995141871524660937e-01
-4.934263121844692512e-01
-4.833552982957883826e-01
-4.817184396954469761e-01
-4.836639571715803942e-01
-4.741813976849828527e-01
-4.693570135228605222e-01
-4.607974762415013581e-01
-4.703384002233729211e-01
-4.669723490253090969e-01
-4.737043411859983011e-01
-4.761834694789006117e-01
-4.727293254396358058e-01
-4.766302530800825554e-01
-4.789844580491383619e-01
-4.898147117849943055e-01
-4.926919899370572065e-01
-4.969278291488687382e-01
-5.105406690231510947e-01
-5.146124616265297380e-01
-5.265980721383854979e-01
-5.392022332286133812e-01
-5.552516615212853557e-01
-5.778829909183762492e-01
-5.918855907825323337e-01
-6.073645295109599829e-01
-6.263827007441293837e-01
-6.534930948288210084e-01
-6.591502608822994436e-01
-6.676533495386441919e-01
-6.735078306016275551e-01
-6.667663750463518335e-01
-6.698516847794515616e-01
-6.738945945565190110e-01
-6.858113863251426023e-01
-7.035017085296136896e-01
-7.187720261654764187e-01
-7.237231559478319864e-01
-7.110572861982327186e-01
-6.812968325614928711e-01
-6.568305212624219180e-01
-6.357954234505692748e-01
-6.191153299618274986e-01
-5.960600405283595915e-01
-5.719417620450257811e-01
-5.491841719909147379e-01
-5.348941560748011748e-01
-5.046199400510106292e-01
-4.735350933879977076e-01
-4.524645573459565862e-01
-4.282128903298423883e-01
-4.129866159668094117e-01
-4.024259985701457709e-01
-3.884342567374308719e-01
-3.918288461863994598e-01
-3.957940834190915580e-01
-3.946450436205575230e-01
-4.003253430128097534e-01
-3.999061001644980684e-01
-4.058775633573531993e-01
-4.102833029525033148e-01
-4.133109202874558075e-01
-4.099790590504805432e-01
-4.082199071462337958e-01
-4.182862460613250843e-01
-4.139153237144152508e-01
-4.071290710050126660e-01
-3.994096104394305735e-01
-3.968845740670249311e-01
-3.867468513548374398e-01
-3.851656066743950890e-01
-3.891811437076992397e-01
-3.764285752001930718e-01
-3.854891844093799591e-01
-3.991752326488494651e-01
-3.628299805734838679e-01
-3.122627408458636400e-01
-2.815513548751671924e-01
-2.196205258369445801e-01
-1.369615122675895691e-01
-7.416476640436384105e-02
2.943167462944984436e-03
2.078158514840262091e-03
-3.971040248870849609e-03
2.916998267173766951e-02
4.582361131906509399e-02
2.740191916624705112e-02
1.217673309147357941e-01
