9.999999914003249168e-01
9.632544326782226385e-01
9.368356319528129417e-01
9.148582183953487545e-01
8.934257437432477911e-01
8.742234427101758243e-01
8.522409711128625665e-01
8.240904674394843310e-01
8.005578088636843281e-01
7.783727124139355746e-01
7.502661470070247640e-01
7.200823974060385213e-01
6.891465310362123731e-01
6.619923711021212798e-01
6.341021607385918246e-01
5.986501760580527076e-01
5.657643866196677696e-01
5.314780143696976600e-01
5.014087699068699999e-01
4.729478588675732342e-01
4.406949685917374571e-01
4.104629614493913170e-01
3.823411510789028189e-01
3.566542862799395586e-01
3.344493917068518951e-01
3.065006335646929814e-01
2.832330396771430836e-01
2.654264393508776743e-01
2.491365708195405204e-01
2.362151971563350439e-01
2.172848607320883030e-01
1.976366137318751326e-01
1.839318789497635109e-01
1.682114800926120535e-01
1.530981719672322994e-01
1.368845478934516413e-01
1.190419902065486674e-01
1.084332786040471397e-01
9.834602022646395103e-02
9.002243069770896056e-02
8.601391846487610460e-02
8.125939136953093389e-02
7.266530617720114160e-02
7.271430042536952687e-02
6.717158060307336365e-02
6.025056380969591452e-02
5.781540667578097259e-02
5.236418866975740827e-02
4.963905730716932502e-02
4.314385795671688700e-02
4.018696888491807284e-02
4.549526343122124727e-02
5.094429160212010643e-02
5.573611426783876832e-02
5.600231238419101087e-02
5.668280077205128942e-02
6.165800808832563179e-02
7.537202826804584310e-02
8.100438219579783605e-02
8.981357283995185237e-02
9.415002833021447748e-02
9.740992894928370005e-02
9.802022482529818004e-02
9.628972623065329417e-02
9.575759132059603884e-02
9.231010051992009913e-02
9.287908640172747032e-02
9.660419243485179885e-02
9.798241571936391892e-02
1.038656154308806728e-01
1.178154670668922349e-01
1.293865702473200319e-01
1.421201788177786085e-01
1.518237888813018799e-01
1.552297537486384271e-01
1.650297061081916483e-01
1.721170681715011586e-01
1.762127984435327699e-01
1.812828817987829633e-01
1.816800164944324392e-01
1.881878401868599393e-01
2.006164031258473868e-01
2.026357922483892904e-01
2.108373333210662171e-01
2.109395505016685435e-01
2.111838762487830701e-01
2.121821614711180970e-01
2.098174175868431635e-01
2.035058560097112168e-01
1.989244921132922173e-01
1.926589182636759268e-01
1.868263794617219531e-01
1.783098151240873896e-01
1.677349834720155697e-01
1.546760930148797508e-01
1.360403271391987801e-01
1.216489627425159786e-01
1.050449598294038028e-01
8.570150119587055526e-02
7.143903607685192503e-02
5.769601656068669426e-02
3.807213557884096822e-02
2.121593189811465593e-02
-2.389962499847217686e-03
-2.455165367765525103e-02
-3.980187571626932902e-02
-6.814243687610876954e-02
-8.802737172772275021e-02
-1.220704646360489670e-01
-1.468560321904394950e-01
-1.678448534151027460e-01
-1.898062005639076233e-01
-2.063468711011195444e-01
-2.151930289850993716e-01
-2.257011225125913068e-01
-2.444608010524927100e-01
-2.654454780194689389e-01
-2.780838200401160032e-01
-2.868630235274153839e-01
-2.920939336280997112e-01
-3.042446605999160614e-01
-3.173256685258820653e-01
-3.297172176498400775e-01
-3.387276482266875499e-01
-3.497436024466311633e-01
-3.678279649956445740e-01
-3.883944546431303269e-01
-4.168922109025958167e-01
-4.354141531001827214e-01
-4.520444491774671669e-01
-4.770773004373194404e-01
-4.912974006363323709e-01
-5.060317943925443096e-01
-5.184705199345069904e-01
-5.236166179624955896e-01
-5.338676427349899889e-01
-5.525819893066700184e-01
-5.618945240858010948e-01
-5.768564783095840864e-01
-5.926746990111085855e-01
-6.014891393849106649e-01
-6.112999114518363752e-01
-6.166445383075940256e-01
-6.133541332493568365e-01
-6.165712682301538461e-01
-6.181948424449988932e-01
-6.175701060078361282e-01
-6.147684203805746650e-01
-6.131483098527170661e-01
-6.138580253777595752e-01
-6.029712192568124074e-01
-5.920308434963226230e-01
-5.868820823272880016e-01
-5.587897841663410636e-01
-5.319334273325636575e-01
-5.204793656973735194e-01
-5.133358028199938028e-01
-4.993747399950569377e-01
-4.918273510627968470e-01
-4.750575916398139253e-01
-4.630273489690408528e-01
-4.469917140901088493e-01
-4.235445623978590368e-01
-3.922328788198922722e-01
-3.650149310360083499e-01
-3.597236638888716698e-01
-3.457087725400924683e-01
-3.401295643518952860e-01
-3.319157917391170054e-01
-3.130501233972609043e-01
-2.950706760729512879e-01
-2.850907117128372303e-01
-2.593199451421869250e-01
-2.500492736165012553e-01
-2.425575664749851923e-01
-2.337937718973709944e-01
-2.165160635113716203e-01
-1.839541442071398192e-01
-1.680074560901393121e-01
-1.753054110502654805e-01
-1.815087436920120589e-01
-2.039349813014268986e-01
-2.118845068310436508e-01
-2.285823267367151079e-01
-2.341775464660981187e-01
-2.301462604664266109e-01
-2.075262427330017145e-01
-2.072760430829865552e-01
-1.950751015773186381e-01
-2.396989651024341583e-01
-2.834829037839716182e-01
-3.063961878418922646e-01
-3.823690522048208695e-01
-4.518384635448455811e-01
-4.278350217001778977e-01
-3.589725022514660968e-01
-2.719712957739829906e-01
-2.226927727460861206e-01
-2.424832383791605539e-01
-3.197000324726104736e-01
