9.999999925864869743e-01
9.504535111784935264e-01
9.193506794958258288e-01
8.888252514480340372e-01
8.628724326337049444e-01
8.366410215290225327e-01
8.138532890723302327e-01
7.889248499089909217e-01
7.660829869962726413e-01
7.430914068827405572e-01
7.181967241757827303e-01
6.907985372174727523e-01
6.626512779011612952e-01
6.337058618763818929e-01
6.047121081787614205e-01
5.785111215326094181e-01
5.428668080552204733e-01
5.119885860679104228e-01
4.875463742172457260e-01
4.671360897412011881e-01
4.439966348900321047e-01
4.220111453491780518e-01
3.992184015334318548e-01
3.752863404623578147e-01
3.527419890387583634e-01
3.300709883174435810e-01
3.009535218988146354e-01
2.688176815515790907e-01
2.375901209653457358e-01
2.091653165082598964e-01
1.804960165499595037e-01
1.564872383633080788e-01
1.300800182586590859e-01
1.022228748493251294e-01
7.915034517645835876e-02
5.163486034845013450e-02
2.261995438373450018e-02
-1.129143319387988266e-02
-4.986143966942477301e-02
-8.091536495420667552e-02
-1.068450898765036794e-01
-1.363498050253838245e-01
-1.633153911328540653e-01
-1.906407317618214747e-01
-2.210853153448195940e-01
-2.496069008962084057e-01
-2.773990007898499699e-01
-3.144858845013689952e-01
-3.452783781621191483e-01
-3.803793608063930076e-01
-4.156943452575349029e-01
-4.457376671085754860e-01
-4.756409573374978383e-01
-5.092991797907931995e-01
-5.291184746489232538e-01
-5.519618993395403184e-01
-5.714497021560011047e-01
-5.867484862295290204e-01
-5.952589246672350676e-01
-6.044566009036251852e-01
-6.061375759383464956e-01
-6.109412898974758699e-01
-6.108342695364848973e-01
-6.103791837728973491e-01
-6.055868835236034586e-01
-6.023482050308409663e-01
-5.999461012581984720e-01
-5.915663383011497967e-01
-5.775525266850801698e-01
-5.674441991881891134e-01
-5.612388234158963707e-01
-5.499028317630291207e-01
-5.389033290016096434e-01
-5.293394339387305081e-01
-5.237589134123381562e-01
-5.166002447524714603e-01
-5.008249128460884325e-01
-4.887974891931780030e-01
-4.806806947278782771e-01
-4.652645516468853493e-01
-4.509215197903065908e-01
-4.461788335815072282e-01
-4.383084605283597002e-01
-4.280745496310420228e-01
-4.130365273509269963e-01
-3.990359633261787442e-01
-3.855810387788907168e-01
-3.653806938152563966e-01
-3.408483697381694544e-01
-3.135207891796848445e-01
-2.869548960085454570e-01
-2.580750980499115776e-01
-2.275136582929333517e-01
-1.988881335214332247e-01
-1.707757114667758647e-01
-1.436224972899511065e-01
-1.179324299629245509e-01
-8.240177439382442848e-02
-5.532610631611162288e-02
-2.733186351171895678e-02
2.953430139782405213e-03
3.041053920984268175e-02
5.328064400589826999e-02
8.716897399411821512e-02
1.152474377688366136e-01
1.399618849391117692e-01
1.592085349716638176e-01
1.825270708947581144e-01
1.962852365467497029e-01
2.131437231968764390e-01
2.342785401576822912e-01
2.464111115783453043e-01
2.647342765599154379e-01
2.937020247548141061e-01
3.233426395139988863e-01
3.407393095711636066e-01
3.555970709990052825e-01
3.630536938795730917e-01
3.628903742296150092e-01
3.686792627885574491e-01
3.721761658419797669e-01
3.778975689783692360e-01
3.848022992097878681e-01
3.954526280554441220e-01
3.946456049943899425e-01
3.988611855004963180e-01
3.916919121146202332e-01
3.672254658430009200e-01
3.578615081943061216e-01
3.344745087540811901e-01
3.011254220151565186e-01
2.757949599197932478e-01
2.549394996485848108e-01
2.392418683670899382e-01
2.307571050391268308e-01
2.275225691723101185e-01
2.237993596838070698e-01
2.220479419920593500e-01
2.131430582394675532e-01
1.998649055678998199e-01
1.905166173323256107e-01
1.854103141774733898e-01
1.662812488058866001e-01
1.405978850249586520e-01
1.136898803606367914e-01
8.652171825191803944e-02
7.119495672258463470e-02
6.749772842697522590e-02
5.354269158165409631e-02
3.754847589880228043e-02
1.849453578538754264e-02
-6.045907437801360806e-03
-2.798976806201496775e-02
-5.679269414395093918e-02
-7.972129783097733902e-02
-8.515978701736616474e-02
-8.782611621750725794e-02
-9.444040229374711659e-02
-1.130684006006218711e-01
-1.136888494449002363e-01
-1.213767961031053111e-01
-1.284357521682977787e-01
-1.290805787803270821e-01
-1.426194873883535885e-01
-1.505466966411551921e-01
-1.541465263192852431e-01
-1.787012075739247419e-01
-1.910860000506919842e-01
-2.015943381596695394e-01
-2.151400069706141949e-01
-2.296756645364146088e-01
-2.351788185536861364e-01
-2.505203840033761176e-01
-2.642937089715685084e-01
-2.656618359464186230e-01
-2.977262354240967634e-01
-3.024378234148025757e-01
-2.818885489056507931e-01
-2.667535938646482530e-01
-2.770334468646483139e-01
-2.800551567758832738e-01
-2.876574967056512722e-01
-2.647905455608117187e-01
-2.238803692162036896e-01
-2.074657240334679131e-01
-2.037713788449764252e-01
-2.029819975296656420e-01
-1.936899120254176043e-01
-2.001331706459705539e-01
-1.657858466108640128e-01
-1.668722500855272517e-01
-1.074935287237167303e-01
-8.905218376053704310e-02
-4.530571773648262024e-02
-9.178284023489270693e-02
-9.473015367984771729e-02
-3.215336799621582031e-02
1.409657299518585205e-02
7.099281748135884140e-02
3.112023323774337769e-02
