9.999999955518922290e-01
9.523172402381896440e-01
9.215637463421079145e-01
8.953998064753985187e-01
8.712250476863783177e-01
8.416725635832670305e-01
8.188160823705868951e-01
7.965974737842058673e-01
7.743948537450997538e-01
7.457900048854450015e-01
7.176125787237551679e-01
6.850918412012488856e-01
6.559391747076044332e-01
6.275286921795378836e-01
6.008391490674274138e-01
5.733961019945400528e-01
5.410456590656492759e-01
5.131243420258649879e-01
4.876304579074265400e-01
4.609884180660758779e-01
4.357494424349365736e-01
4.116594629258745197e-01
3.865196920057248908e-01
3.585630587793970370e-01
3.292439072734891781e-01
2.990606669019060804e-01
2.657080538783754831e-01
2.327788823294913712e-01
1.995774893510031678e-01
1.683652212106904189e-01
1.350386894977929353e-01
1.044797807274495810e-01
7.619904594484870619e-02
4.860230368961181158e-02
1.700830171832781387e-02
-4.469758640211748957e-03
-3.181845748966390108e-02
-6.285625391798775607e-02
-9.161460911569420384e-02
-1.134446141666468344e-01
-1.298702306675244555e-01
-1.505323358811438139e-01
-1.716760430461580778e-01
-1.830213280435934453e-01
-1.926931698753195921e-01
-2.006949043044677083e-01
-2.084015329999308330e-01
-2.119510953447648338e-01
-2.192380412487812402e-01
-2.333258150733615310e-01
-2.430406583855483638e-01
-2.507128255814313755e-01
-2.624701400281199137e-01
-2.638944419151222354e-01
-2.688979651449489028e-01
-2.685717773138966424e-01
-2.702116995022214585e-01
-2.661798786785867232e-01
-2.648009230102692513e-01
-2.680625299542722662e-01
-2.668904931621348675e-01
-2.634288336549486242e-01
-2.673086652384816242e-01
-2.646049563570515017e-01
-2.623840088881280175e-01
-2.602181013344841976e-01
-2.656929705016038978e-01
-2.635091177062757195e-01
-2.648050843044779112e-01
-2.660034307398636000e-01
-2.706900762806411787e-01
-2.695908868255523783e-01
-2.751183500585629993e-01
-2.710419059731066227e-01
-2.748395627525847540e-01
-2.831782012704818774e-01
-2.926400415301322888e-01
-2.984146008027657171e-01
-3.050967923751691235e-01
-3.116282636574546072e-01
-3.234616304355219518e-01
-3.399365080675730844e-01
-3.535984662838843606e-01
-3.705432280519251331e-01
-3.890613196178888678e-01
-4.060333950830430916e-01
-4.163824495575997875e-01
-4.246258566466470374e-01
-4.272295557358096185e-01
-4.337101433775387704e-01
-4.321568016264889511e-01
-4.218076674098318324e-01
-4.166487644708484761e-01
-4.176028134577252082e-01
-4.141582068160315488e-01
-4.191474335549293939e-01
-4.167811401543163319e-01
-4.111865167685139766e-01
-4.020183089650371522e-01
-3.873463376406945380e-01
-3.756202292619365002e-01
-3.699936625361442410e-01
-3.614320374950014125e-01
-3.479214290118947117e-01
-3.376683628513026392e-01
-3.333592677178482400e-01
-3.265299051215774240e-01
-3.201604821580521509e-01
-3.067526705162499367e-01
-2.946693071204682934e-01
-2.926970640872860741e-01
-2.898175951507356296e-01
-2.738249603282199574e-01
-2.599955745549364372e-01
-2.368555344726847589e-01
-2.191579130499861916e-01
-2.123709672514129954e-01
-2.072196063541230648e-01
-1.954364359199282641e-01
-1.748773412006657257e-01
-1.580033723586871386e-01
-1.275198066607117764e-01
-9.745424250258674648e-02
-6.832820072005955925e-02
-4.291179476233272089e-02
-2.590999262113320364e-02
-7.311379710833231481e-03
1.606239328110540404e-02
3.638557671275857719e-02
6.078554731276300527e-02
7.714472684851834960e-02
9.900341151016099628e-02
1.159748310034257740e-01
1.317666193251224027e-01
1.574129213704102137e-01
1.707901808461456672e-01
1.869891930658083568e-01
2.007072756969137117e-01
2.189374890710626409e-01
2.164921616654723047e-01
2.156509387261066335e-01
2.039967921252051897e-01
1.942044276807267655e-01
1.843442843648894214e-01
1.771640108342756315e-01
1.721408638570989802e-01
1.711149831048466852e-01
1.740607025998610058e-01
1.739902729695697869e-01
1.686579633074311024e-01
1.671609010036085030e-01
1.510669861733913433e-01
1.377266063069810809e-01
1.379450137416521616e-01
1.474807316318471340e-01
1.429009599530178531e-01
1.287852214442359033e-01
1.295292838053269946e-01
1.245109154734500567e-01
1.127772226574875053e-01
1.134872283877395999e-01
1.355500862002372853e-01
1.509324224331440034e-01
1.564121552203830978e-01
1.580467151628958122e-01
1.568900361243221464e-01
1.548780441284179632e-01
1.609210762030938158e-01
1.527802176547772839e-01
1.643578917719423771e-01
1.767929878927046172e-01
1.789031609892845209e-01
1.940875587792232071e-01
2.061725695218358800e-01
1.994998488161298933e-01
1.991483506101828227e-01
2.003660035133361939e-01
1.822710422178109579e-01
1.458802294471989447e-01
1.122050495310263213e-01
6.997324739183698183e-02
6.679550558328628540e-02
7.406560684505261727e-02
5.840936634275648021e-02
4.919376794029684669e-02
4.706063866615295410e-02
5.204524348179499077e-02
3.325411251613071863e-03
-5.248096470649425693e-02
-9.415705750385920669e-02
-1.237514046105471499e-01
-1.865360647439956721e-01
-2.654281755288441791e-01
-3.940608203411102295e-01
-3.471056478364126785e-01
-2.982346812884013043e-01
-2.715499639511108620e-01
-2.843050658702850342e-01
-2.607858677705128803e-01
-3.175396323204040527e-01
