-8.951894640922546387e-01 -1.877688337117433548e-03 4.456817805767059326e-01
-8.114444017410278320e-01 1.055780276656150818e-01 5.748140811920166016e-01
-9.347217679023742676e-01 -1.316162347793579102e-01 3.301097452640533447e-01
-7.768262028694152832e-01 -3.997908532619476318e-01 4.865267872810363770e-01
-6.576685309410095215e-01 -6.687705516815185547e-01 3.467247188091278076e-01
-7.059820294380187988e-01 -6.766890883445739746e-01 2.090004980564117432e-01
-6.605952382087707520e-01 -6.560726761817932129e-01 3.649419844150543213e-01
-5.290824770927429199e-01 -7.542966008186340332e-01 3.887265622615814209e-01
-6.418091654777526855e-01 -7.667359709739685059e-01 -1.403026748448610306e-02
-4.678960740566253662e-01 -8.808602094650268555e-01 -7.182382792234420776e-02
-5.069578289985656738e-01 -8.606919646263122559e-01 -4.693685844540596008e-02
-2.798457145690917969e-01 -9.016812443733215332e-01 3.296320736408233643e-01
-2.256720960140228271e-01 -8.480323553085327148e-01 4.794926941394805908e-01
-3.509656786918640137e-01 -9.260990023612976074e-01 1.384329497814178467e-01
-3.523274064064025879e-01 -9.260324835777282715e-01 1.353850811719894409e-01
-6.928666830062866211e-01 -7.184572219848632812e-01 6.127880886197090149e-02
-1.347567141056060791e-01 -9.654113650321960449e-01 2.232070714235305786e-01
8.675269037485122681e-02 -9.957948327064514160e-01 2.943906746804714203e-02
-2.329265512526035309e-02 -9.989408850669860840e-01 -3.968022763729095459e-02
4.498541727662086487e-02 -9.571064710617065430e-01 -2.862226665019989014e-01
-1.634861826896667480e-01 -9.638342857360839844e-01 -2.104656398296356201e-01
1.753448843955993652e-01 -9.461138248443603516e-01 -2.722550034523010254e-01
2.356932014226913452e-01 -9.596987962722778320e-01 -1.530588120222091675e-01
5.102220177650451660e-01 -8.476883769035339355e-01 -1.452512294054031372e-01
5.536416769027709961e-01 -6.871785521507263184e-01 -4.703897833824157715e-01
4.522138535976409912e-01 -8.764921426773071289e-01 -1.651185303926467896e-01
4.524122476577758789e-01 -8.853039741516113281e-01 -1.075180023908615112e-01
2.010466754436492920e-01 -9.793550372123718262e-01 -2.106823772192001343e-02
4.789384305477142334e-01 -8.698899149894714355e-01 -1.179385110735893250e-01
4.856605529785156250e-01 -7.743270993232727051e-01 -4.056493043899536133e-01
4.997169375419616699e-01 -8.215703368186950684e-01 -2.744179964065551758e-01
2.809996008872985840e-01 -9.596976637840270996e-01 4.428306128829717636e-03
3.819850087165832520e-01 -9.238610267639160156e-01 -2.383909747004508972e-02
4.820967316627502441e-01 -8.738682866096496582e-01 6.274595111608505249e-02
4.088612794876098633e-01 -9.108360409736633301e-01 5.665839463472366333e-02
5.276619791984558105e-01 -7.886048555374145508e-01 -3.157137930393218994e-01
5.081653594970703125e-01 -8.232275247573852539e-01 -2.531093657016754150e-01
5.004574060440063477e-01 -7.652524709701538086e-01 -4.048839211463928223e-01
5.028432011604309082e-01 -8.167773485183715820e-01 -2.828842401504516602e-01
6.507652811706066132e-03 -9.583528637886047363e-01 -2.855124771595001221e-01
-1.909137517213821411e-01 -9.677504301071166992e-01 -1.643504649400711060e-01
-2.773942053318023682e-01 -9.027204513549804688e-01 -3.288589119911193848e-01
-2.190347528085112572e-03 -9.464245438575744629e-01 -3.229176104068756104e-01
4.036828577518463135e-01 -8.437545299530029297e-01 -3.537208437919616699e-01
5.659812092781066895e-01 -7.836896181106567383e-01 -2.559216916561126709e-01
6.079260110855102539e-01 -7.317767143249511719e-01 -3.081051409244537354e-01
1.127372682094573975e-02 -9.576055407524108887e-01 -2.878620326519012451e-01
6.090292334556579590e-02 -9.969668388366699219e-01 -4.845626279711723328e-02
4.651310741901397705e-01 -8.723049163818359375e-01 1.507885307073593140e-01
2.316200435161590576e-01 -9.583094716072082520e-01 1.673173755407333374e-01
2.935383096337318420e-02 -9.971857666969299316e-01 -6.898447126150131226e-02
6.006631627678871155e-02 -9.581341743469238281e-01 2.799479663372039795e-01
2.796849906444549561e-01 -9.248145818710327148e-01 2.578650414943695068e-01
3.516163229942321777e-01 -9.295796155929565430e-01 1.106693670153617859e-01
4.294920861721038818e-01 -9.023793339729309082e-01 3.532942011952400208e-02
4.321860074996948242e-01 -8.905197381973266602e-01 -1.420913338661193848e-01
3.853284418582916260e-01 -8.915213346481323242e-01 -2.381422072649002075e-01
5.857079625129699707e-01 -8.105220198631286621e-01 4.291702061891555786e-04
8.184761404991149902e-01 -4.252839386463165283e-01 -3.863035142421722412e-01
8.884246945381164551e-01 -2.976069152355194092e-01 -3.494734466075897217e-01
7.678952217102050781e-01 -8.495401591062545776e-02 -6.349171400070190430e-01
6.138795614242553711e-01 2.988498806953430176e-01 -7.306439280509948730e-01
8.169136643409729004e-01 1.589873991906642914e-02 -5.765407085418701172e-01
4.361692070960998535e-01 4.277476072311401367e-01 -7.916997075080871582e-01
4.156674444675445557e-01 3.798643350601196289e-01 -8.263919353485107422e-01
2.731389403343200684e-01 3.744927048683166504e-01 -8.860870599746704102e-01
6.375981029123067856e-03 4.589761495590209961e-01 -8.884257078170776367e-01
4.060790687799453735e-02 1.179055422544479370e-01 -9.921942353248596191e-01
2.503148280084133148e-02 6.575386039912700653e-03 -9.996650218963623047e-01
3.739085793495178223e-02 9.458766877651214600e-02 -9.948140382766723633e-01
-1.863233447074890137e-01 4.555435106158256531e-02 -9.814318418502807617e-01
1.171219069510698318e-02 -2.557348459959030151e-02 -9.996042847633361816e-01
-2.982649207115173340e-01 -1.587061770260334015e-02 -9.543511867523193359e-01
-2.204104065895080566e-01 2.968967258930206299e-01 -9.291240572929382324e-01
-1.912787705659866333e-01 1.773233860731124878e-01 -9.653853774070739746e-01
-1.700358539819717407e-01 2.853831648826599121e-01 -9.432095885276794434e-01
-3.507945239543914795e-01 2.807578146457672119e-01 -8.933746814727783203e-01
-3.877525031566619873e-01 3.993626534938812256e-01 -8.307570815086364746e-01
-6.044917106628417969e-01 5.223227143287658691e-01 -6.014721393585205078e-01
-2.722192704677581787e-01 6.170881390571594238e-01 -7.383081316947937012e-01
-4.506981372833251953e-01 7.475853562355041504e-01 -4.878393709659576416e-01
-2.632127106189727783e-01 8.072019815444946289e-01 -5.283408761024475098e-01
7.163607329130172729e-02 7.920990586280822754e-01 -6.061744093894958496e-01
4.776403605937957764e-01 6.493952274322509766e-01 -5.917309522628784180e-01
5.460197329521179199e-01 7.690188288688659668e-01 -3.323741555213928223e-01
4.790976643562316895e-01 8.495762348175048828e-01 -2.206483185291290283e-01
5.128540396690368652e-01 7.829167842864990234e-01 -3.521676063537597656e-01
5.128660202026367188e-01 7.526423931121826172e-01 -4.129137992858886719e-01
5.552193522453308105e-01 6.392816305160522461e-01 -5.320248007774353027e-01
5.012593865394592285e-01 7.010772228240966797e-01 -5.071782469749450684e-01
8.379005789756774902e-01 5.222262740135192871e-01 -1.587524116039276123e-01
6.989449262619018555e-01 6.587864160537719727e-01 -2.783458828926086426e-01
6.943658590316772461e-01 6.809148192405700684e-01 -2.328326404094696045e-01
5.165876150131225586e-01 8.543840646743774414e-01 -5.625944957137107849e-02
6.206093430519104004e-01 7.638479471206665039e-01 -1.771447658538818359e-01
3.400298357009887695e-01 9.403239488601684570e-01 1.306039933115243912e-02
5.472213029861450195e-01 8.309113383293151855e-01 1.006738469004631042e-01
6.487113833427429199e-01 7.608348131179809570e-01 -1.743328757584095001e-02
7.374561429023742676e-01 6.696838140487670898e-01 8.764681965112686157e-02
5.136197805404663086e-01 8.130034804344177246e-01 2.742628753185272217e-01
5.645848512649536133e-01 6.551713347434997559e-01 5.019905567169189453e-01
3.910188674926757812e-01 6.954158544540405273e-01 6.029105186462402344e-01
6.999124288558959961e-01 4.563275575637817383e-01 5.494431257247924805e-01
5.145915746688842773e-01 7.217549681663513184e-01 4.628878831863403320e-01
5.533897876739501953e-01 6.792093515396118164e-01 4.821145236492156982e-01
4.881566762924194336e-01 6.982994675636291504e-01 5.235273241996765137e-01
4.339016675949096680e-01 8.127803206443786621e-01 3.887383043766021729e-01
4.216778874397277832e-01 7.031700611114501953e-01 5.724854469299316406e-01
5.816242098808288574e-01 7.659859061241149902e-01 2.738227248191833496e-01
3.881044983863830566e-01 9.054645299911499023e-01 1.717816442251205444e-01
5.143419504165649414e-01 8.201952576637268066e-01 2.504637539386749268e-01
4.294207990169525146e-01 8.978558778762817383e-01 9.722475707530975342e-02
3.636291325092315674e-01 9.313739538192749023e-01 -1.778870448470115662e-02
1.625147610902786255e-01 9.721962213516235352e-01 1.685927361249923706e-01
1.347362548112869263e-01 9.827069044113159180e-01 1.270170509815216064e-01
4.399389028549194336e-01 8.914518952369689941e-01 1.084775552153587341e-01
1.955377757549285889e-01 9.585790634155273438e-01 -2.071016430854797363e-01
1.804123073816299438e-01 9.835025668144226074e-01 -1.319727953523397446e-02
-1.109376847743988037e-01 9.754115343093872070e-01 1.904342472553253174e-01
-2.670783400535583496e-01 8.536185622215270996e-01 4.472186267375946045e-01
2.699871659278869629e-01 9.058569669723510742e-01 3.263893127441406250e-01
2.388567104935646057e-02 8.388195633888244629e-01 5.438852906227111816e-01
1.627528981771320105e-04 8.189969658851623535e-01 5.737978816032409668e-01
-1.802839189767837524e-01 8.538011312484741211e-01 4.883866012096405029e-01
-2.196194231510162354e-01 8.176494240760803223e-01 5.321812033653259277e-01
-2.177212201058864594e-02 7.712341547012329102e-01 6.361791491508483887e-01
7.642144709825515747e-02 6.554719805717468262e-01 7.513429522514343262e-01
-8.280446380376815796e-02 7.271645665168762207e-01 6.814507246017456055e-01
-7.854499667882919312e-02 5.677521824836730957e-01 8.194438219070434570e-01
-2.231707051396369934e-02 5.969004034996032715e-01 8.020049333572387695e-01
-2.007412165403366089e-02 2.747545242309570312e-01 9.613048434257507324e-01
1.647279225289821625e-02 2.287990152835845947e-01 9.733342528343200684e-01
-2.600936889648437500e-01 6.809099912643432617e-01 6.846260428428649902e-01
-1.585855185985565186e-01 4.836392104625701904e-01 8.607809543609619141e-01
-7.342781424522399902e-01 3.564654290676116943e-01 5.777266025543212891e-01
-3.043553829193115234e-01 4.898515641689300537e-01 8.169536590576171875e-01
-3.720374405384063721e-01 3.472286164760589600e-01 8.608254194259643555e-01
-4.854177236557006836e-01 7.052697539329528809e-01 5.166857838630676270e-01
-3.554264605045318604e-01 7.500965595245361328e-01 5.576980710029602051e-01
-2.291774451732635498e-01 6.902192234992980957e-01 6.863492131233215332e-01
-2.664061784744262695e-01 6.492939591407775879e-01 7.123517990112304688e-01
-2.171084284782409668e-01 6.886531114578247070e-01 6.918243765830993652e-01
-2.884617261588573456e-02 8.765757083892822266e-01 4.803987741470336914e-01
-5.876472964882850647e-02 6.622360348701477051e-01 7.469874024391174316e-01
-1.678111217916011810e-02 7.079293727874755859e-01 7.060838937759399414e-01
-3.005828261375427246e-01 8.196307420730590820e-01 4.877042174339294434e-01
-4.327994287014007568e-01 6.709858775138854980e-01 6.020486354827880859e-01
-1.527177393436431885e-01 5.362396836280822754e-01 8.301351070404052734e-01
-1.337738633155822754e-01 4.043616652488708496e-01 9.047630429267883301e-01
1.040272042155265808e-01 7.213762998580932617e-01 6.846857070922851562e-01
6.063972711563110352e-01 5.301816463470458984e-01 5.926125645637512207e-01
6.377149224281311035e-01 3.196508586406707764e-01 7.008159756660461426e-01
4.621334075927734375e-01 7.030590176582336426e-01 5.405004024505615234e-01
2.876338958740234375e-01 8.754959106445312500e-01 3.882957994937896729e-01
4.933456778526306152e-01 5.444305539131164551e-01 6.783844828605651855e-01
3.201578259468078613e-01 9.077018499374389648e-01 2.712495625019073486e-01
3.587463796138763428e-01 9.135258793830871582e-01 1.917590200901031494e-01
2.000650167465209961e-01 8.535459041595458984e-01 4.810752570629119873e-01
1.770996488630771637e-02 8.657283186912536621e-01 5.002008080482482910e-01
-2.084338814020156860e-01 9.228113889694213867e-01 3.239976167678833008e-01
-5.367597341537475586e-01 8.402966856956481934e-01 -7.609517127275466919e-02
-5.500307083129882812e-01 8.089024424552917480e-01 -2.077089846134185791e-01
-4.143129885196685791e-01 8.848208785057067871e-01 2.131590098142623901e-01
-4.184937477111816406e-01 8.640011548995971680e-01 2.799372375011444092e-01
-8.363758921623229980e-01 5.437244772911071777e-01 6.956320255994796753e-02
-5.982614755630493164e-01 7.943869829177856445e-01 1.050355657935142517e-01
-3.371014297008514404e-01 9.160077571868896484e-01 2.174682319164276123e-01
-5.801847577095031738e-01 8.009232878684997559e-01 1.480118334293365479e-01
-8.052883148193359375e-01 4.487624764442443848e-01 3.874569833278656006e-01
-8.439508676528930664e-01 5.354290008544921875e-01 3.259849920868873596e-02
-8.439020514488220215e-01 5.241268277168273926e-01 -1.145444661378860474e-01
-8.252981901168823242e-01 5.088436007499694824e-01 2.448696941137313843e-01
-8.781657218933105469e-01 4.129496514797210693e-01 2.414487153291702271e-01
-7.728586196899414062e-01 5.800864696502685547e-01 2.572726607322692871e-01
-7.708762884140014648e-01 6.116881370544433594e-01 1.777281165122985840e-01
-7.020379304885864258e-01 5.765261650085449219e-01 4.180434644222259521e-01
-6.650549173355102539e-01 6.162563562393188477e-01 4.218176007270812988e-01
-5.885805487632751465e-01 6.896023750305175781e-01 4.219259619712829590e-01
-5.381139516830444336e-01 7.587883472442626953e-01 3.669790625572204590e-01
-6.020382046699523926e-01 7.173249721527099609e-01 3.507063388824462891e-01
-4.388673305511474609e-01 8.832212090492248535e-01 1.652745157480239868e-01
-1.651775091886520386e-02 9.810191988945007324e-01 1.932055503129959106e-01
-2.658761143684387207e-01 7.162265181541442871e-01 6.452360749244689941e-01
-3.613449335098266602e-01 8.289701342582702637e-01 4.268936514854431152e-01
-4.262014925479888916e-01 6.261972188949584961e-01 6.528624892234802246e-01
-3.524153828620910645e-01 6.990195512771606445e-01 6.222339272499084473e-01
1.520682126283645630e-01 9.512981176376342773e-01 2.681551575660705566e-01
-3.557864204049110413e-02 9.626224637031555176e-01 2.684999108314514160e-01
1.654442548751831055e-01 9.180687069892883301e-01 3.602471947669982910e-01
2.366120070219039917e-01 9.514036774635314941e-01 1.970937550067901611e-01
3.624531030654907227e-01 8.851847648620605469e-01 2.916774153709411621e-01
2.033144980669021606e-01 7.786091566085815430e-01 5.936589241027832031e-01
2.290791124105453491e-01 7.972434163093566895e-01 5.585030317306518555e-01
-2.098924368619918823e-01 5.807749629020690918e-01 7.865402698516845703e-01
-2.626088857650756836e-01 6.985327005386352539e-01 6.656490564346313477e-01
-2.000624537467956543e-01 6.779567599296569824e-01 7.073538899421691895e-01
-2.836129665374755859e-01 7.598015666007995605e-01 5.850344300270080566e-01
-7.775303721427917480e-02 7.470123767852783203e-01 6.602476239204406738e-01
4.649069905281066895e-02 9.557969570159912109e-01 2.903288304805755615e-01
5.490107834339141846e-02 9.465038180351257324e-01 3.179881572723388672e-01
