9.999999916968653757e-01
9.731098213791846696e-01
9.602502240008444767e-01
9.453710046681490509e-01
9.363858551543375874e-01
9.257811627217701345e-01
9.131463202146383740e-01
9.012864765125451205e-01
8.876942391145414835e-01
8.789770648969957856e-01
8.656242878337181423e-01
8.584574856256184106e-01
8.513076651506322756e-01
8.436216014100516025e-01
8.359042936786610367e-01
8.272238903308427593e-01
8.181517651858362106e-01
8.069751868429391184e-01
7.935574355794757784e-01
7.817489193793345503e-01
7.655311053958386847e-01
7.521828187422620049e-01
7.350875909580698586e-01
7.230497111011756628e-01
7.111991676528238715e-01
6.993956640045243534e-01
6.856557409039565343e-01
6.719895769981132361e-01
6.644736406517166571e-01
6.512906427148642541e-01
6.418784533937772485e-01
6.325903363087598263e-01
6.246316464254136891e-01
6.154664810746908188e-01
6.050337040629572005e-01
5.931239071784608630e-01
5.807758282305616193e-01
5.678722559497123568e-01
5.510450046440941163e-01
5.366390571458103942e-01
5.247655444263671365e-01
5.062968097859993355e-01
4.898560266684061082e-01
4.733579658749925700e-01
4.627578231701805489e-01
4.500347003579521776e-01
4.376302892041782910e-01
4.324260201885715693e-01
4.267566072590210924e-01
4.259021821872968627e-01
4.217455874117004844e-01
4.145956803485751352e-01
4.048493759606608400e-01
3.968261761490154971e-01
3.931974446888835684e-01
3.836428286915976593e-01
3.720322486655465721e-01
3.582788335237030997e-01
3.485920002514665827e-01
3.392562470857946044e-01
3.335323481695026127e-01
3.274319789106292511e-01
3.216206305023792122e-01
3.178460020032050082e-01
3.107345629021199263e-01
3.060933066641582934e-01
3.009249717273094205e-01
2.974187613868001789e-01
2.913865268062379998e-01
2.842751306227662145e-01
2.754007940756455497e-01
2.707952145487070306e-01
2.634859837360622459e-01
2.534988458501175046e-01
2.467556718414224137e-01
2.408480875430599188e-01
2.356835067719221244e-01
2.311333673104884190e-01
2.277234972159310200e-01
2.232670968734338512e-01
2.181176846800756963e-01
2.106117928555856222e-01
2.090392518444221526e-01
2.045743413332660188e-01
2.039919749666483095e-01
1.933896684505302388e-01
1.881853023301000294e-01
1.795208599549113770e-01
1.757616990666210077e-01
1.718065616608198121e-01
1.722192537408691326e-01
1.696134645153175580e-01
1.660890508477294025e-01
1.539347811119148035e-01
1.500208405342614570e-01
1.458761051367476191e-01
1.420597507130532122e-01
1.392765180565989913e-01
1.305872569882392253e-01
1.238199043653759324e-01
1.118164428758739309e-01
1.036584353446960427e-01
9.359749225956021101e-02
8.453843347272094189e-02
7.480229648579027335e-02
6.229289264107743668e-02
5.417409131401463435e-02
4.299818474720133038e-02
3.344323650322934827e-02
1.701794702397740541e-02
3.917912123622475061e-03
-1.215192468629943019e-02
-2.992882219593176810e-02
-5.200872028415853138e-02
-7.541689799092281266e-02
-9.091357522925665180e-02
-1.088204956668264722e-01
-1.282911159186845840e-01
-1.515187060078942716e-01
-1.781035638073595606e-01
-1.973618570669197769e-01
-2.114117269404232613e-01
-2.293676468956319658e-01
-2.534465473622847798e-01
-2.776791103087462576e-01
-2.998509650167666130e-01
-3.230575594305992171e-01
-3.453855021177111295e-01
-3.661941655286370945e-01
-3.785757405890358696e-01
-3.922320902347564697e-01
-4.009314411452838400e-01
-4.126500897649405530e-01
-4.259368621689431644e-01
-4.404797598497191546e-01
-4.607286139419584647e-01
-4.725789833527345163e-01
-4.944814699701964855e-01
-5.100017031506886012e-01
-5.234514167231898440e-01
-5.426640591171921768e-01
-5.565951968232790703e-01
-5.710665063332702740e-01
-5.855549728048259350e-01
-6.028782267842376363e-01
-6.115096150232213201e-01
-6.152458938685330114e-01
-6.370408419105741959e-01
-6.521336585283279419e-01
-6.721835222381812303e-01
-6.918606398736729668e-01
-7.129436868429184226e-01
-7.294194178313625487e-01
-7.516335385541120795e-01
-7.807245679358219004e-01
-7.982715284046919546e-01
-8.220975948704614122e-01
-8.257871757854114980e-01
-8.343570752199306328e-01
-8.404793746414638278e-01
-8.433121035738688764e-01
-8.416112691164017168e-01
-8.306798736254373816e-01
-8.342552812475907409e-01
-8.262668453358315013e-01
-8.217187929484579545e-01
-8.102307421820503786e-01
-8.034669134546729152e-01
-7.939054180275310069e-01
-7.915480826050043106e-01
-7.765621994772264891e-01
-7.589346468448638916e-01
-7.509457140133298791e-01
-7.401209548115730286e-01
-7.313084293294835891e-01
-7.240459426091268025e-01
-7.146052873134612904e-01
-7.162006944417953491e-01
-7.155412176380986367e-01
-7.121350589123639496e-01
-7.110237990106854644e-01
-6.983098626136780007e-01
-6.919260087766145872e-01
-6.864584452576107942e-01
-6.927668925593880589e-01
-6.888986099511384964e-01
-6.817489266395568848e-01
-6.958178728818893433e-01
-7.227970407559320964e-01
-7.436061600844064978e-01
-7.395601191303946553e-01
-7.701772749423980713e-01
-7.501248121261596680e-01
-7.509616687893867493e-01
-7.493500454085213480e-01
-7.596312065919240686e-01
-7.646334290504455122e-01
-7.994104474782943726e-01
-7.915420730908712121e-01
-7.680989503860473633e-01
