9.999999866556765760e-01
9.719076761603355763e-01
9.615300067106083981e-01
9.524033843266843657e-01
9.420081613027504464e-01
9.368642556424043866e-01
9.276970658546839221e-01
9.187631723807030415e-01
9.145870962291183792e-01
9.060131696363290521e-01
9.028948929297362369e-01
8.962927245780041297e-01
8.880160469857473204e-01
8.834895264912159263e-01
8.773415895069346382e-01
8.665562834470502684e-01
8.600354977556177172e-01
8.483429690418036184e-01
8.403895249783667198e-01
8.308767406167564262e-01
8.222359079682366456e-01
8.196569560302628954e-01
8.100157544932551357e-01
8.035682363623983804e-01
7.982531523300429033e-01
7.902993808754465999e-01
7.853715429135731396e-01
7.792099364872636658e-01
7.705237454589392021e-01
7.612261650000893276e-01
7.534332115050644818e-01
7.517951815443880692e-01
7.443430415801042255e-01
7.387014475784131617e-01
7.341688883875658878e-01
7.323346758283764135e-01
7.246347163662766322e-01
7.217304939176978351e-01
7.113234724369517092e-01
7.054034393326735763e-01
6.982840518033281985e-01
6.888487448915838751e-01
6.861301863905768794e-01
6.750542413962038468e-01
6.657297775434081188e-01
6.599062944834048761e-01
6.470960503624331173e-01
6.431154300059590545e-01
6.380543209174099895e-01
6.312652450839155716e-01
6.237382233537585030e-01
6.140774627526600637e-01
6.027216161257468174e-01
5.950587071679733775e-01
5.851776240026058673e-01
5.747397984952142824e-01
5.666298947457609758e-01
5.595919288073977205e-01
5.558546967022902630e-01
5.466253072757956133e-01
5.398037251322826968e-01
5.294118106365204302e-01
5.187798929300239115e-01
5.141428836445877115e-01
5.078181071329290752e-01
5.001569202936747560e-01
4.937274695546538528e-01
4.819845061248807516e-01
4.757032087422851108e-01
4.671031533542907566e-01
4.631065725142718970e-01
4.588173068486727235e-01
4.507571417231892585e-01
4.416337566217407584e-01
4.383134040541536436e-01
4.346211455644123367e-01
4.308016211986541721e-01
4.248343162959621888e-01
4.197222064665662722e-01
4.170649564657055164e-01
4.116667755379164739e-01
4.099469587206840404e-01
4.051269073070598026e-01
3.998509706076929238e-01
4.024587156426193135e-01
4.023013722536892822e-01
3.993301431769910037e-01
3.972721282850232294e-01
3.952004120281312205e-01
3.979467660454766853e-01
4.004866119037877592e-01
4.016407403078945948e-01
4.041393566022225547e-01
4.007946543257545624e-01
3.979151550784846281e-01
3.999720414010983771e-01
3.984630764240310041e-01
3.994165121649320138e-01
3.995527017463758046e-01
4.062681132379700188e-01
4.160491075403619510e-01
4.224387713521718934e-01
4.312178581350981643e-01
4.325583431185508476e-01
4.275832600200298872e-01
4.282530369237065315e-01
4.292237700600373129e-01
4.293203207248069142e-01
4.313194557864178935e-01
4.345598355259584489e-01
4.424517272592901063e-01
4.463265526625845303e-01
4.534441899047808588e-01
4.625709635120900942e-01
4.705012709587469977e-01
4.814950952003168583e-01
4.904085436288048161e-01
5.025575908699205785e-01
5.124413464442792998e-01
5.230944227518105061e-01
5.311886750989489592e-01
5.377774136140942574e-01
5.471218243429932793e-01
5.551605046941683330e-01
5.616284798492084951e-01
5.720156395905896529e-01
5.857026519378026874e-01
5.930766976765684539e-01
6.045203619215586688e-01
6.118301556756099435e-01
6.202207877182625007e-01
6.228686703102929156e-01
6.251602814249370699e-01
6.288019981892669641e-01
6.322552271520913703e-01
6.317712605902643386e-01
6.365107407936683170e-01
6.360953461844474077e-01
6.350025981664657593e-01
6.388878942497314695e-01
6.371795552187278222e-01
6.431796655058861223e-01
6.414440789465176707e-01
6.403318706514506964e-01
6.473451865869656041e-01
6.564693605261189280e-01
6.561966022307222923e-01
6.596875955109242629e-01
6.587970211820782795e-01
6.656005654770594804e-01
6.749936523390751564e-01
6.847686570882797197e-01
6.872576560292925629e-01
6.846102569252252579e-01
6.890311729400715457e-01
6.928388994673023715e-01
6.988277567757500419e-01
7.056365846232934835e-01
7.054320819849191349e-01
7.124999846730913911e-01
7.183221327822383317e-01
7.189830221235752328e-01
7.133448964510208379e-01
7.160134738997409043e-01
7.124329426804104637e-01
7.110682378212610510e-01
7.092011954103197846e-01
7.130193201934590386e-01
7.106607140916766374e-01
7.022640174254775047e-01
6.953688744575746705e-01
6.868341833353042158e-01
6.831044184750524328e-01
6.829524934291839600e-01
6.755338465725934105e-01
6.699822785762640232e-01
6.647041153907775612e-01
6.540994669000307349e-01
6.462677561718485064e-01
6.336772970177910747e-01
6.168868442376455041e-01
6.169586986303329246e-01
6.102066118466226152e-01
6.101873732275433504e-01
5.964574805077385022e-01
5.944270361214876175e-01
5.773691515127817864e-01
5.800384134054183960e-01
5.801329349096004950e-01
5.900052289168039588e-01
5.933371511372652618e-01
6.026944339275359663e-01
6.187674767441220247e-01
6.146545559167861938e-01
6.443994045257568359e-01
6.440098881721496582e-01
6.784895181655883345e-01
7.045836001634597778e-01
6.514349579811096191e-01
6.358349621295928955e-01
