9.999999869522170348e-01
9.723631614446639482e-01
9.563507848049528359e-01
9.445787848848284929e-01
9.299502747918143575e-01
9.203188049854064134e-01
9.061748782793680457e-01
8.903550571694816007e-01
8.763774925640209768e-01
8.592148856647933153e-01
8.436222659004608548e-01
8.333192218683267427e-01
8.185129612092933993e-01
8.082106068651092601e-01
7.931721621656162569e-01
7.801909051154569674e-01
7.692248841797982850e-01
7.555408634083427000e-01
7.431065816778302802e-01
7.248654912870663436e-01
7.070960010612866720e-01
6.921266746603780273e-01
6.761023949977406078e-01
6.615496637990300188e-01
6.446160940969057895e-01
6.252646555446765841e-01
6.055140376091003862e-01
5.874352492820257288e-01
5.698913648896823947e-01
5.557367148440938154e-01
5.402512513754660350e-01
5.303664430975914001e-01
5.146658584563690297e-01
4.971402026712894440e-01
4.817839611522451992e-01
4.665102625198392916e-01
4.534673279885089725e-01
4.366843932103819936e-01
4.139166154378762230e-01
3.940961852117820796e-01
3.741364936743463709e-01
3.512665678368648292e-01
3.358030377787614151e-01
3.109519260027740484e-01
2.903024155266915041e-01
2.719997482804151767e-01
2.548645030586950133e-01
2.388964154358421133e-01
2.239618444559620947e-01
2.104488030860298675e-01
1.988353585417302338e-01
1.841403818627198596e-01
1.660413526048596378e-01
1.569476661247176108e-01
1.445460840552842408e-01
1.345764811418644347e-01
1.253723268878871033e-01
1.141442028909093742e-01
1.060867597694163528e-01
9.817190840840339661e-02
8.659244661635541462e-02
7.742658821599823771e-02
6.645493648892683569e-02
5.625098684559697720e-02
4.449476356053874704e-02
3.041321570601533339e-02
2.349845618009567191e-02
1.780291207468331915e-02
1.369861440551012159e-02
1.393166003805218316e-02
7.146909605455762683e-03
7.329352658528548448e-03
7.340211507885954778e-03
6.923070526681840420e-03
1.000367105007171631e-02
9.422500514321856258e-03
8.366302132606506445e-03
1.107450019973780890e-02
1.114922786146644619e-02
8.959928496939236972e-03
9.900006996698615391e-03
7.653141890962918484e-03
9.355153231059802968e-03
5.189812536967002357e-03
5.285424809170584208e-03
6.694534215433844623e-03
3.406178951263427561e-03
1.595847570059592260e-03
-2.878877968914740902e-05
-2.887694298156670038e-03
-7.586629004091830289e-03
-1.388694454323161770e-02
-1.741351570011278813e-02
-2.144213972820176173e-02
-3.055517862890368141e-02
-3.498993139221982795e-02
-4.624146315313520939e-02
-4.984096752909513567e-02
-5.226557651191082038e-02
-5.681215518829869221e-02
-6.359483891784555032e-02
-6.829648837447166443e-02
-7.838692779492850704e-02
-8.445103481716038918e-02
-9.114529699394383067e-02
-1.008860028038422313e-01
-1.107965912865964964e-01
-1.251494779667638724e-01
-1.331664049817669893e-01
-1.405164381975065047e-01
-1.546708394537915365e-01
-1.692649038301573816e-01
-1.814856556443016078e-01
-1.952601657672361768e-01
-2.088964523255139871e-01
-2.233956175921268106e-01
-2.384278791353983129e-01
-2.504708620586565404e-01
-2.661102333341736625e-01
-2.824486464988894552e-01
-2.935206839975751381e-01
-3.075968033168464677e-01
-3.167128166113096222e-01
-3.360208479974132190e-01
-3.520810392189335780e-01
-3.708748274335735839e-01
-3.892530819276968646e-01
-4.103153890653236657e-01
-4.288091813660647733e-01
-4.463234920468595046e-01
-4.574197614696663972e-01
-4.676578015621219442e-01
-4.807338892225769822e-01
-4.929439066087498156e-01
-5.052151425338503588e-01
-5.182161389878301438e-01
-5.314394527902970289e-01
-5.414937786990776658e-01
-5.571341914316964017e-01
-5.715576472782319950e-01
-5.864872351044514431e-01
-6.030587876836458472e-01
-6.248694797188548700e-01
-6.401484159688497488e-01
-6.520590805693676772e-01
-6.683963852535400596e-01
-6.821671374819495703e-01
-7.079207305279042739e-01
-7.237028230754833924e-01
-7.474307796129813219e-01
-7.698722293271738071e-01
-7.841725347936153723e-01
-8.062112516894632819e-01
-8.272387086957072588e-01
-8.505801931023597717e-01
-8.704443910847539101e-01
-8.931176496876610527e-01
-9.093645709482106598e-01
-9.192692803782086530e-01
-9.140991259898457733e-01
-9.238394993107493791e-01
-9.234365791082381758e-01
-9.110663686043176668e-01
-9.119758731440493760e-01
-9.049939851503114863e-01
-9.133488635222116736e-01
-9.107476609093801967e-01
-9.084626734256744385e-01
-9.087676640712853970e-01
-9.092193637043237686e-01
-9.090052170138205323e-01
-9.163462340831756148e-01
-9.294380607276127026e-01
-9.350506471736090841e-01
-9.341881032343264391e-01
-9.238065962608044135e-01
-9.318459200859069425e-01
-9.227718686064084741e-01
-9.183118861654530063e-01
-9.173941232941367208e-01
-9.143475152197337863e-01
-9.125056147575378862e-01
-8.998522695742154909e-01
-9.003045294019911271e-01
-9.011301854077506945e-01
-9.015130065381526947e-01
-8.984200914700826157e-01
-8.990530584539685455e-01
-9.004559012559744113e-01
-9.162240872780481604e-01
-9.127112952145662872e-01
-9.085133194923400435e-01
-9.002098176214430314e-01
-8.886194005608558655e-01
-8.743958302906581492e-01
-8.599310964345932007e-01
-8.777529835700988992e-01
-9.098215252161026001e-01
-8.741914629936218262e-01
-8.383189141750335693e-01
