9.999999988138379425e-01
9.751952189207077071e-01
9.610461763401126900e-01
9.519812952388416738e-01
9.397435530188119612e-01
9.310809814808319596e-01
9.186434805393218772e-01
9.067795547013429713e-01
8.947417212582622348e-01
8.824166695897778245e-01
8.738294540275454159e-01
8.655535639900909795e-01
8.504640244578243191e-01
8.398670237511396408e-01
8.327850513757868445e-01
8.264027980546797547e-01
8.204514319228158881e-01
8.091031086995549293e-01
7.985182307619865805e-01
7.880512885749340057e-01
7.765062836652302236e-01
7.650932634870211135e-01
7.520408247436225491e-01
7.372550104608696087e-01
7.255809212177150025e-01
7.107837850397283885e-01
6.948999012368065609e-01
6.805187514715496100e-01
6.677257851239918329e-01
6.540750119358648140e-01
6.395392521605853808e-01
6.287937955821261138e-01
6.173771775862169076e-01
6.073820988780685992e-01
5.965801509554514714e-01
5.871874196342674601e-01
5.734835994966102080e-01
5.595827347303672372e-01
5.415734045344627878e-01
5.256725495428214989e-01
5.089987077929588599e-01
4.897735450416803582e-01
4.747230262501434539e-01
4.547670153028602891e-01
4.370277981944145074e-01
4.208387462302851101e-01
4.049151342963018818e-01
3.916673743976401001e-01
3.817310761782078954e-01
3.668661843004979439e-01
3.544682151089046385e-01
3.461756455153227052e-01
3.376652241853259628e-01
3.328108694907781495e-01
3.262403952528019069e-01
3.181412191933964961e-01
3.134940741391017416e-01
3.065199802577909249e-01
2.987520610327487058e-01
2.923009188871988351e-01
2.838526142245911266e-01
2.735762745141983032e-01
2.626627200155807196e-01
2.547638573670301110e-01
2.445384976420089396e-01
2.312575117958819149e-01
2.229129802297662721e-01
2.162782191785413699e-01
2.097754839219544976e-01
2.091064693575555578e-01
2.087849254883427652e-01
2.059793960589628992e-01
2.047339103711667829e-01
2.036109140026383102e-01
2.079800891829287901e-01
2.101097799364536611e-01
2.137645030617713882e-01
2.172542487181002013e-01
2.180535159096485265e-01
2.186377326973149016e-01
2.165347515982537219e-01
2.198999270175893972e-01
2.177725372319462005e-01
2.133510801309751181e-01
2.152750087090027631e-01
2.166276182979345322e-01
2.132997294159039159e-01
2.163331803228510097e-01
2.212521349104632218e-01
2.239441829400935224e-01
2.260690160968282236e-01
2.290747938677668571e-01
2.329071275804431018e-01
2.307691503902552232e-01
2.336386284468887076e-01
2.433674724350841645e-01
2.452445509887876962e-01
2.423080201618946494e-01
2.413657465316716988e-01
2.386706534444409389e-01
2.370250856337866030e-01
2.326403931900858923e-01
2.320687735472062585e-01
2.326519913610299028e-01
2.236710758831774448e-01
2.277372243455223211e-01
2.306660596869493651e-01
2.306170939923601060e-01
2.325085122438688423e-01
2.353856565997652361e-01
2.434579492188417016e-01
2.517500198342733642e-01
2.552458302358562858e-01
2.612127729225903749e-01
2.657015178481052509e-01
2.672724964227093936e-01
2.698171843500698497e-01
2.667042502822975503e-01
2.650190497445593651e-01
2.595929784200540213e-01
2.547496992657766191e-01
2.483707758132368271e-01
2.386421426376209853e-01
2.290860415937808758e-01
2.175567147213143260e-01
2.030885519067707756e-01
1.949104653298854850e-01
1.794397794213649366e-01
1.642971392976094736e-01
1.528366107700599441e-01
1.433790220656025460e-01
1.319540063717535572e-01
1.151163367203612287e-01
9.636426990961327599e-02
8.511568222250510962e-02
7.579421449565526547e-02
6.281927566115673434e-02
4.901634986163116992e-02
3.953956380959541134e-02
2.672743869404638900e-02
1.451492202697230241e-02
3.461626668771108136e-03
-7.536928406206227539e-03
-2.501892112195491791e-02
-4.059890036781629158e-02
-5.343717163694756273e-02
-6.139472878792068961e-02
-6.623698688215678976e-02
-7.701669504233407682e-02
-9.022393084775942595e-02
-9.558340052471440973e-02
-1.017201026901602690e-01
-1.143016685180518049e-01
-1.185705285364141021e-01
-1.220651025229946146e-01
-1.315131981897613156e-01
-1.424556636148028854e-01
-1.507241791537539399e-01
-1.561661552377911488e-01
-1.694159641684520878e-01
-1.908968272732525229e-01
-2.000221809372305926e-01
-2.054737689785468280e-01
-2.092486233695557141e-01
-2.098397755542316945e-01
-2.147320215072896776e-01
-2.198017209768295399e-01
-2.292408145525876295e-01
-2.403246182383912966e-01
-2.387320916168391705e-01
-2.350827169514471404e-01
-2.415509800116221184e-01
-2.417461735935046707e-01
-2.462001602564539149e-01
-2.391587043250048561e-01
-2.386411359676947896e-01
-2.486320851743221150e-01
-2.427772597099343843e-01
-2.429368829597597645e-01
-2.402673868293112025e-01
-2.285614631005696007e-01
-2.442263670265674702e-01
-2.492444875993226616e-01
-2.398669752809736433e-01
-2.155558317899703979e-01
-1.979639641940593719e-01
-1.882819195588429639e-01
-1.677820714456694506e-01
-1.461647806259301907e-01
-1.447788650790850229e-01
-1.212379051880402986e-01
-9.869912415742873590e-02
-9.114637391434775304e-02
-8.033010736107826233e-02
-4.506228544882365933e-02
-7.391978055238723755e-03
-4.401734471321105957e-02
-7.231339439749717712e-02
-2.560959259668986118e-02
1.065875589847564697e-01
