1.000000000889621488e+00
9.730226328969001637e-01
9.585431568586646467e-01
9.504673571297617141e-01
9.410770974183445547e-01
9.380160101822444529e-01
9.286707810866526858e-01
9.189217158199585178e-01
9.113945488485030166e-01
9.046420383577545854e-01
9.003306981468699455e-01
8.957997234244096108e-01
8.862785195547436823e-01
8.809940491585021016e-01
8.747258983193871851e-01
8.648927165295487995e-01
8.573773409869219764e-01
8.509813898607440086e-01
8.442381302841374113e-01
8.359171180770947895e-01
8.281986682125217492e-01
8.243792422943645448e-01
8.183747464218619205e-01
8.107690593499815579e-01
8.025892477082667842e-01
7.953855463049628316e-01
7.903125286102294922e-01
7.835954421724395935e-01
7.751569714332591232e-01
7.660247803947259904e-01
7.611984581800929073e-01
7.587939141427769707e-01
7.553767583955673937e-01
7.463531827642804206e-01
7.424835910697182850e-01
7.405646964009985345e-01
7.353737841952930898e-01
7.333929918524695335e-01
7.239357724877223399e-01
7.154835945478191794e-01
7.102462304119737668e-01
7.032872059382497820e-01
7.005549283147608497e-01
6.923794989721684390e-01
6.836744765187524608e-01
6.752570704198800344e-01
6.661177145857964943e-01
6.604340108377593221e-01
6.567086960170783749e-01
6.482338680836715605e-01
6.395540987418977252e-01
6.316396932800610875e-01
6.213778123359552374e-01
6.128348041627857956e-01
6.048483823229666712e-01
5.947749336084274807e-01
5.877872461902684531e-01
5.809000004082918167e-01
5.745770638430869326e-01
5.663665073438429731e-01
5.592681746533576526e-01
5.505521028169564346e-01
5.388783535940183667e-01
5.316113804777463647e-01
5.238679183008027040e-01
5.179961087072596504e-01
5.128857931605091958e-01
5.032831214701951605e-01
4.935378802001924581e-01
4.885232059115713343e-01
4.840900775130468348e-01
4.825755016161845101e-01
4.750260162030079392e-01
4.648422468453645706e-01
4.621631444439174841e-01
4.601959448958199972e-01
4.557002834081649856e-01
4.554333451294129698e-01
4.512757227672793969e-01
4.476967751979827881e-01
4.424480342667950206e-01
4.386216552307208305e-01
4.365350456297898418e-01
4.316214302838858874e-01
4.295757218049122694e-01
4.291291213754949707e-01
4.247258155242256694e-01
4.222935418549336739e-01
4.240690298312533302e-01
4.231769512407481670e-01
4.249360478139138642e-01
4.262322549115527548e-01
4.256323586910142898e-01
4.256401320022565327e-01
4.242760257743229402e-01
4.273545338578944031e-01
4.277825109305836149e-01
4.293660879708253164e-01
4.269959962773091644e-01
4.320698246067645742e-01
4.383023385659302606e-01
4.430230404436588110e-01
4.522704284901570837e-01
4.530058904569976286e-01
4.483641607245218985e-01
4.444808295617501126e-01
4.458310180588772598e-01
4.469352607080276929e-01
4.507840234906442811e-01
4.541721131814562828e-01
4.595357652876403409e-01
4.601369964579741234e-01
4.669391596585177329e-01
4.764622994275255485e-01
4.833424465580918317e-01
4.919567737988261302e-01
4.999166157315759196e-01
5.088473084781851563e-01
5.192069440002901048e-01
5.292864878003190610e-01
5.357653099445649492e-01
5.471332797780632529e-01
5.586071367127986020e-01
5.665850999454656867e-01
5.733471817590973796e-01
5.863118793227171111e-01
5.990595478812853480e-01
6.052995650349436429e-01
6.189999229287448390e-01
6.269762048290835610e-01
6.323779198065609952e-01
6.388496842767511508e-01
6.400554123995960687e-01
6.440395149676239051e-01
6.476446192211179342e-01
6.497093798084692118e-01
6.484174865942734511e-01
6.464903076412156224e-01
6.434464242959779812e-01
6.442046638938688785e-01
6.448213390883852369e-01
6.446618373195330820e-01
6.433922229176860519e-01
6.464052464941452136e-01
6.523050208363616598e-01
6.605804740850415024e-01
6.679650238969109255e-01
6.658284388206623383e-01
6.687794462689813368e-01
6.740171949450786126e-01
6.793544248623006876e-01
6.854741817712783902e-01
6.892028086039484469e-01
6.876886971294879913e-01
6.835293801541023617e-01
6.860115600992804374e-01
6.930304944515228716e-01
6.998278220946138051e-01
6.990246772766113281e-01
6.938727813817205936e-01
7.010033021612864790e-01
7.056884102523326430e-01
7.010822907472268328e-01
6.976829477046665451e-01
6.857445972996789596e-01
6.797518721885151827e-01
6.854464484112603451e-01
6.902012290323481514e-01
6.894651705568487499e-01
6.823806129395961761e-01
6.739359767206253293e-01
6.726938098669051902e-01
6.665928692653261267e-01
6.651783777134758768e-01
6.569762925306955603e-01
6.504240563282599474e-01
6.517509281635284202e-01
6.414605726798375818e-01
6.355042431665502978e-01
6.212331083687868682e-01
6.045376913888114156e-01
6.019388884305953979e-01
5.895961123077493315e-01
5.784502244657940828e-01
5.575722438447615614e-01
5.521254390478134155e-01
5.501803974310557344e-01
5.514182022639683156e-01
5.595261362882760769e-01
5.574681361516317102e-01
5.490832816470753164e-01
5.535091578960418257e-01
5.589926938215891150e-01
5.723629556596279144e-01
5.945500177996498881e-01
6.083357681830724450e-01
6.198116123676300493e-01
6.517251580953598022e-01
6.534891327222188684e-01
6.052948236465454102e-01
