1.000000001186162057e+00
9.690574109554290771e-01
9.571320168936072736e-01
9.472382977755382516e-01
9.340252020032272506e-01
9.230688515366339830e-01
9.105947729868766327e-01
8.981249987234160015e-01
8.854787149345936248e-01
8.712165880327423784e-01
8.601955594348658085e-01
8.527433220885302090e-01
8.387502520172683829e-01
8.289077911684488154e-01
8.189904712050913860e-01
8.118391879383595189e-01
8.022949582418880121e-01
7.925255354898779192e-01
7.828633456485845077e-01
7.708070275711489394e-01
7.583426724687136744e-01
7.485157684733469985e-01
7.336250901555215753e-01
7.199216850855377769e-01
7.073276148593358181e-01
6.913602770390835373e-01
6.780343635912452482e-01
6.635968759655952454e-01
6.519069685627615351e-01
6.358124641484992345e-01
6.183675640093827530e-01
6.069130272549740912e-01
5.928792156190914042e-01
5.812844214960932732e-01
5.701700925023970301e-01
5.599548514169382374e-01
5.450857756038506308e-01
5.308042643591761589e-01
5.114351365646702119e-01
4.960187817981213665e-01
4.782095989617316523e-01
4.559089130721986072e-01
4.401770137109846659e-01
4.215891311723219959e-01
4.025674307612097103e-01
3.874391423514447208e-01
3.735535242865162253e-01
3.619628775768078954e-01
3.524685055504437337e-01
3.382126422304856384e-01
3.265425624535573390e-01
3.175574202835559912e-01
3.087892646357517368e-01
3.026178802011182389e-01
2.945111532296453283e-01
2.851104722294497407e-01
2.793727171318284297e-01
2.712516601766563062e-01
2.658221905048077094e-01
2.576901683924903153e-01
2.502003699435410011e-01
2.412842221025909561e-01
2.317293180728987878e-01
2.270148658342119596e-01
2.172109345993856466e-01
2.020511593231383574e-01
1.967375518547164193e-01
1.897671600219918708e-01
1.838079302858813269e-01
1.824224154098015860e-01
1.806523402911106024e-01
1.791673191464864257e-01
1.780171062826186312e-01
1.768784996238537133e-01
1.833500297754768193e-01
1.859545220162660273e-01
1.875162631124258072e-01
1.927380282431840897e-01
1.945456473262814068e-01
1.958924716369050412e-01
1.960194310681386554e-01
1.951365100530286500e-01
1.977733314475592363e-01
1.945008398744009215e-01
1.985994774497981674e-01
2.025829961138038704e-01
2.020370860786541711e-01
2.062729777474152371e-01
2.118864146811244853e-01
2.129305787384510040e-01
2.146774147813384492e-01
2.190678145397793042e-01
2.288155932355364630e-01
2.271552205568662386e-01
2.286197347653524947e-01
2.354558515889605130e-01
2.336491730596338134e-01
2.331263643259612328e-01
2.382163029272579557e-01
2.387936902232468128e-01
2.381161067007791787e-01
2.350990119576454040e-01
2.353365779148809955e-01
2.363717843189227230e-01
2.291087824035167031e-01
2.348310793652975403e-01
2.359043616997568149e-01
2.350949807082639842e-01
2.361668304650373362e-01
2.403949635589252287e-01
2.501436891341274893e-01
2.598084219420949692e-01
2.659802759547582052e-01
2.714964259860359608e-01
2.763327836733439624e-01
2.750061491590946039e-01
2.792625247678883760e-01
2.774632260691197172e-01
2.768491453895098320e-01
2.722791246161228029e-01
2.676425893779522114e-01
2.625356603879481776e-01
2.531994035632549878e-01
2.458119941875338554e-01
2.355586298342262075e-01
2.224864623705415378e-01
2.123028522233168236e-01
1.987019212085854303e-01
1.794763183323283828e-01
1.714975162564466304e-01
1.567780367675906394e-01
1.399256556693996567e-01
1.254896230563737336e-01
1.060218016671783808e-01
8.682932076391888798e-02
7.500117685589374750e-02
6.290190414740488845e-02
4.632696660701185465e-02
4.001666915174278277e-02
2.351265052153218155e-02
1.483194455199065773e-02
2.811168599873781031e-03
-1.254332172921148424e-02
-2.684741473660386818e-02
-4.669287096169826012e-02
-5.332071453865085131e-02
-6.679336889223619345e-02
-6.710889273219639017e-02
-7.906190467611798334e-02
-8.464015834033489227e-02
-9.315758644073617034e-02
-1.028831322118640007e-01
-1.192357516942583739e-01
-1.229084725491702557e-01
-1.314327437430620193e-01
-1.498097551014760387e-01
-1.601351828210883788e-01
-1.726063967005095623e-01
-1.818804984349151055e-01
-1.992515158351688132e-01
-2.169709512736739121e-01
-2.289586690254509505e-01
-2.273759037638321823e-01
-2.389313947213323464e-01
-2.362462738277138763e-01
-2.435981144921647301e-01
-2.397757770759718632e-01
-2.558930291629889497e-01
-2.648099324468410343e-01
-2.552559180185198784e-01
-2.613158066186212491e-01
-2.679695043712854163e-01
-2.626470170658209979e-01
-2.686699881617511942e-01
-2.663259371011345578e-01
-2.662128737339606865e-01
-2.745022323727607794e-01
-2.682266732056935443e-01
-2.734743586700895679e-01
-2.730715987695889191e-01
-2.562034055590629578e-01
-2.700502905994653924e-01
-2.757647029663387039e-01
-2.665542796668078918e-01
-2.473285811788895616e-01
-2.229437227360904217e-01
-2.144091635942459162e-01
-1.907000472503048993e-01
-1.607908021945219645e-01
-1.562518601616223746e-01
-1.369700066067955635e-01
-1.315549135208129994e-01
-1.526829981141620274e-01
-1.420158073306083679e-01
-1.166779803378241442e-01
-1.020457906027634892e-01
-1.362274147570133320e-01
-1.734653692692518234e-01
-1.159929235776265416e-01
-7.848237827420234680e-02
