9.999999976276758851e-01
9.742826575040817172e-01
9.624112290353631360e-01
9.500348730520769003e-01
9.374826105718080393e-01
9.267979288587764319e-01
9.148496829546415299e-01
9.056744483328357243e-01
8.916918522644536882e-01
8.823911175907900306e-01
8.706118589296391042e-01
8.631993453361486157e-01
8.533909618066101155e-01
8.461588877946772946e-01
8.406428836365753554e-01
8.326437848229562011e-01
8.263125689045802691e-01
8.150439025510264335e-01
8.053988623814504200e-01
7.918473838183742730e-01
7.762961755635330308e-01
7.612334763838185525e-01
7.477793740993105009e-01
7.365467159098453287e-01
7.207076832820467072e-01
7.116562147751789302e-01
6.968639498949050770e-01
6.837062321003826160e-01
6.730717620193269468e-01
6.624971212775900842e-01
6.497289391986110774e-01
6.418551053851843102e-01
6.346807322745933178e-01
6.241008334216617826e-01
6.147918744893845489e-01
6.008995208799480237e-01
5.888331319346572501e-01
5.759912426924196360e-01
5.615794647576436427e-01
5.460005333463167077e-01
5.326073407802892623e-01
5.156954129924997687e-01
4.994001208523393687e-01
4.840696950124788733e-01
4.707409028841811338e-01
4.588744117615696783e-01
4.459568583226252159e-01
4.392428373458323598e-01
4.340831659052496461e-01
4.307699712777608436e-01
4.257888969354676756e-01
4.192327883342901740e-01
4.142889477462576298e-01
4.080683675569456992e-01
4.020694274404624791e-01
3.923199328989402934e-01
3.805131791737572655e-01
3.699915889495362653e-01
3.588420888213635918e-01
3.499090169543321860e-01
3.401866747555157833e-01
3.330373703635164939e-01
3.263658868055120399e-01
3.232699788000056862e-01
3.140770712065218406e-01
3.094383008805486890e-01
3.023824275091842595e-01
2.975398999041141135e-01
2.947170540018189122e-01
2.882417306642640620e-01
2.810147926495730197e-01
2.733033284544944541e-01
2.640670701110547913e-01
2.548639035085216165e-01
2.458349564442719182e-01
2.403309509631187113e-01
2.365330152511596618e-01
2.283866097549757668e-01
2.233376175134889341e-01
2.199060874008268163e-01
2.134903721080338712e-01
2.079340452949205997e-01
2.057278685960449160e-01
1.993384386207592562e-01
1.948523714692674269e-01
1.864816875293336951e-01
1.812055413813694615e-01
1.756528287211008288e-01
1.735332558772205158e-01
1.678579095917354658e-01
1.644507487480704744e-01
1.581110071729530109e-01
1.526907153017477148e-01
1.427481848470590620e-01
1.386810208662090926e-01
1.321422076028472836e-01
1.278719852722826344e-01
1.257477355762743054e-01
1.149432486990123181e-01
1.091568337789937532e-01
9.686693639522141186e-02
8.852466282434762190e-02
7.591042287572465075e-02
6.289039238603139070e-02
5.431487724261799960e-02
4.278688406338915229e-02
3.298686711411727424e-02
2.447624449083145651e-02
1.160788087434666202e-02
-7.152327073171087235e-03
-1.983609803757824600e-02
-3.515285655028289880e-02
-5.102355403595425914e-02
-7.107774426483294550e-02
-9.034180529843802154e-02
-1.080561134704323689e-01
-1.252794373561354202e-01
-1.406947714054868348e-01
-1.639920482075357955e-01
-1.850894744076379828e-01
-2.023905671121161709e-01
-2.195985076949000248e-01
-2.352425906854339888e-01
-2.584847558576326976e-01
-2.803667120925791845e-01
-3.045162031132924163e-01
-3.276277114947637181e-01
-3.535222963908234428e-01
-3.740133868709002440e-01
-3.905940300060642967e-01
-4.016800132435812132e-01
-4.119122888360704504e-01
-4.284361520971077253e-01
-4.424589808811159597e-01
-4.570961924853609304e-01
-4.731212721178025826e-01
-4.854954766539427147e-01
-5.015452123479917645e-01
-5.175087598581162851e-01
-5.295834733593848265e-01
-5.478636363490683170e-01
-5.601589669783909597e-01
-5.775409272666705007e-01
-5.941877719657174817e-01
-6.065166477571454218e-01
-6.180801399584326949e-01
-6.229239219968969454e-01
-6.447161985216317559e-01
-6.611928090734301433e-01
-6.802838977712851731e-01
-6.994800427380729602e-01
-7.145451605319976807e-01
-7.260472211910753426e-01
-7.461092074712117883e-01
-7.748075276613235474e-01
-7.935322118194206853e-01
-8.200285979443125983e-01
-8.307407884435220602e-01
-8.359740300233974297e-01
-8.389151883976799784e-01
-8.399335189563471582e-01
-8.440663248300552812e-01
-8.347189930769113309e-01
-8.396212835060922197e-01
-8.314770750097326690e-01
-8.262454122304916382e-01
-8.211011209658214405e-01
-8.132516321013955052e-01
-8.043685004566655250e-01
-7.936371080577373505e-01
-7.819014407934681277e-01
-7.664463147521018982e-01
-7.625333553758161242e-01
-7.558658772281238170e-01
-7.504896157317690886e-01
-7.359089220945651544e-01
-7.323874008655547607e-01
-7.226781907180944708e-01
-7.243467089922531743e-01
-7.271288701079108296e-01
-7.247904198510306539e-01
-7.198847666382789390e-01
-7.186420983389804062e-01
-7.130177021026611328e-01
-7.090274901951060249e-01
-7.116423435509204865e-01
-7.089549819628397920e-01
-7.202248147555759816e-01
-7.401022544273963000e-01
-7.585764974355697632e-01
-7.553725947033275157e-01
-7.592724025249480979e-01
-7.496124704678853723e-01
-7.471811696887016296e-01
-7.411854437419346242e-01
-7.494544138511022302e-01
-7.580037713050842285e-01
-7.887677550315856934e-01
-7.759258548418680457e-01
-7.724021971225738525e-01
