9.999999911037843470e-01
9.706412431597709611e-01
9.578023519947300723e-01
9.445302236561823328e-01
9.289135557745918925e-01
9.172590381028701279e-01
8.999279447090930972e-01
8.862470217125931748e-01
8.723452099709930740e-01
8.579516973501691846e-01
8.428700543667009271e-01
8.317902350112011955e-01
8.213775900227052729e-01
8.113695171443705556e-01
7.956039323048158529e-01
7.828351757539215861e-01
7.682533726498886884e-01
7.523695070134557294e-01
7.387644174646158524e-01
7.208308824798562719e-01
7.041520463992219092e-01
6.896058656275272369e-01
6.702410783514630710e-01
6.546875200747104273e-01
6.390362131898685849e-01
6.171184421347623017e-01
5.993616537324020221e-01
5.814584275686193182e-01
5.658308437061791984e-01
5.479342522489469847e-01
5.307751284879550502e-01
5.189440709703109222e-01
5.045400387083990301e-01
4.897924849009585024e-01
4.737498453277314003e-01
4.583247905395116950e-01
4.430672345739422591e-01
4.228064221125550359e-01
4.026550702704973506e-01
3.821065400577621785e-01
3.620431984988798924e-01
3.387088594958186372e-01
3.180121025480564523e-01
2.943893401305886504e-01
2.755864459997529603e-01
2.560748973718056098e-01
2.371851066427846100e-01
2.209871951732542694e-01
2.078929590730885235e-01
1.949989944696426392e-01
1.831037970568170636e-01
1.695720093448956911e-01
1.528269822565501146e-01
1.413237332693628445e-01
1.288018810505769662e-01
1.185064423982411241e-01
1.105408237925891157e-01
9.905875908831755783e-02
9.288262101736935450e-02
8.350355230586629929e-02
7.322629514738177026e-02
6.271458789706230164e-02
5.057645680235444557e-02
4.002723065407379904e-02
3.050787986195000259e-02
1.808513306519564379e-02
8.136311835712856794e-03
1.403684936352630076e-03
-4.271623223347771267e-03
-4.760976655013633707e-03
-6.784360258633853613e-03
-7.386346734487093772e-03
-6.202616432840510168e-03
-8.192066103219985962e-03
-2.089252504776781781e-03
-2.343190331307668569e-03
-1.870336890220641998e-03
-1.626477005981629993e-03
-1.046910155110242864e-03
1.732809621779645014e-05
-4.222019891108362913e-04
-3.497817367315292185e-03
-3.468597010404121921e-03
-1.953177406626232637e-03
3.500168140117939015e-05
1.754706275874170704e-03
-2.310839813688527009e-03
-4.710422926827480782e-03
-6.460358479381662217e-03
-1.025776378810405731e-02
-1.386444633071486944e-02
-1.963782581416043463e-02
-1.986352238086385585e-02
-2.519274613371601940e-02
-3.541452904170918486e-02
-3.903801197994430372e-02
-4.747295379638671875e-02
-5.125227584861791891e-02
-5.198761806326004931e-02
-5.672469545228808752e-02
-5.917876604760047288e-02
-6.648078456521033797e-02
-7.531179713480400106e-02
-8.191333080128747335e-02
-9.095651694794290587e-02
-9.791497762004534866e-02
-1.069213120560897068e-01
-1.207806676467682444e-01
-1.269480372949313152e-01
-1.388240411229755555e-01
-1.528894783376337496e-01
-1.649105328652593905e-01
-1.763432381695576034e-01
-1.915460482070391879e-01
-2.073149503818873807e-01
-2.253094079016252915e-01
-2.365205144180970998e-01
-2.506575925009591477e-01
-2.623288646699434290e-01
-2.767094846178845824e-01
-2.909387588317011719e-01
-3.015898672398179547e-01
-3.148140906344485956e-01
-3.324890681184254904e-01
-3.460979255569445745e-01
-3.655787350511864875e-01
-3.842692106962203868e-01
-4.074211164906218485e-01
-4.264141295666564191e-01
-4.389220544447501315e-01
-4.527100798949389437e-01
-4.578446452106748055e-01
-4.732037905765616448e-01
-4.799866514170871290e-01
-4.933800275868444052e-01
-5.056884993206370860e-01
-5.159511242921536178e-01
-5.301946364343166351e-01
-5.471649378065078784e-01
-5.613557331023677488e-01
-5.759864483700424254e-01
-5.939457962910333899e-01
-6.165319506899785695e-01
-6.289750137205781799e-01
-6.469714573600835461e-01
-6.640423371323517232e-01
-6.732491284608841386e-01
-6.968350112438201904e-01
-7.090780476354202611e-01
-7.292722480801435703e-01
-7.478821414942834478e-01
-7.700174832344055531e-01
-7.930302948367838889e-01
-8.182806121185421944e-01
-8.451569105716462138e-01
-8.682630852512691622e-01
-8.922289980782402985e-01
-8.978699960491873799e-01
-9.089664397544638952e-01
-9.114314587343306240e-01
-9.162026440224996238e-01
-9.199604138731956038e-01
-9.052058672293638031e-01
-9.128183440158241790e-01
-9.030132197044991038e-01
-9.084866344928741455e-01
-9.086140734808785258e-01
-9.043483997092527371e-01
-9.087462894844285932e-01
-9.150041807442903519e-01
-9.125243733006138669e-01
-9.210218230883280288e-01
-9.270912922661880273e-01
-9.352091976574489207e-01
-9.364484592720314637e-01
-9.293602773776421522e-01
-9.420883250236511408e-01
-9.379105394085248681e-01
-9.320237947546917701e-01
-9.341177913275632294e-01
-9.279650279453822703e-01
-9.205024123191833940e-01
-9.184623611600775117e-01
-9.202788803312513810e-01
-9.225955325014451036e-01
-9.196469001471996307e-01
-9.134755929311116907e-01
-9.156630379813057719e-01
-9.098670299236590875e-01
-9.241686513026555749e-01
-9.174203601750460235e-01
-9.232725918292998823e-01
-9.232237206565009346e-01
-9.161318242549896240e-01
-8.972384503909519582e-01
-8.984720408916473389e-01
-9.001798748970031294e-01
-9.463022500276565552e-01
-9.059356848398844031e-01
-8.864245712757110596e-01
