1.973460614681243896e-01 -4.015474617481231689e-01 8.943233489990234375e-01
4.200463593006134033e-01 -1.770499795675277710e-01 8.900642991065979004e-01
4.566877186298370361e-01 -2.124858945608139038e-01 8.638785481452941895e-01
5.997353792190551758e-01 6.374290585517883301e-02 7.976554632186889648e-01
3.870141208171844482e-01 7.328421622514724731e-02 9.191569685935974121e-01
4.582924544811248779e-01 1.276487112045288086e-02 8.887097835540771484e-01
3.524087667465209961e-01 -3.583190217614173889e-02 9.351599812507629395e-01
3.393666148185729980e-01 2.330891191959381104e-01 9.113175868988037109e-01
5.124446749687194824e-01 -2.674408629536628723e-02 8.583037257194519043e-01
4.642343819141387939e-01 1.637094318866729736e-01 8.704513311386108398e-01
3.774522542953491211e-01 3.483649194240570068e-01 8.580043911933898926e-01
4.726070463657379150e-01 1.973315030336380005e-01 8.588963150978088379e-01
6.125060319900512695e-01 4.416165053844451904e-01 6.555998921394348145e-01
5.859246253967285156e-01 2.880438268184661865e-01 7.574450969696044922e-01
5.832786560058593750e-01 3.731607198715209961e-01 7.214825749397277832e-01
6.447575092315673828e-01 2.153775542974472046e-01 7.334168553352355957e-01
8.655985593795776367e-01 -1.927037164568901062e-02 5.003675818443298340e-01
7.871136665344238281e-01 3.079618327319622040e-02 6.160386800765991211e-01
7.666749358177185059e-01 -5.936472117900848389e-02 6.392850279808044434e-01
6.908363103866577148e-01 3.013011300936341286e-03 7.230049371719360352e-01
5.796642303466796875e-01 2.925998158752918243e-02 8.143299221992492676e-01
8.190345764160156250e-01 3.100760653614997864e-02 5.729057192802429199e-01
6.571018695831298828e-01 7.716511189937591553e-02 7.498417496681213379e-01
6.146168112754821777e-01 6.254739314317703247e-02 7.863421440124511719e-01
8.725285530090332031e-01 7.019621133804321289e-02 4.834939241409301758e-01
8.172878026962280273e-01 -8.237382024526596069e-02 5.703115463256835938e-01
8.650918602943420410e-01 -8.873435854911804199e-02 4.937026500701904297e-01
8.872641921043395996e-01 -6.141692399978637695e-02 4.571544229984283447e-01
9.469254016876220703e-01 -1.373801380395889282e-01 2.906184494495391846e-01
9.917696118354797363e-01 -1.047467663884162903e-01 7.362798601388931274e-02
9.756844043731689453e-01 -6.275537610054016113e-02 2.100040316581726074e-01
8.572779893875122070e-01 1.531291473656892776e-02 5.146260261535644531e-01
9.222618341445922852e-01 -2.697591185569763184e-01 2.768810391426086426e-01
8.011441826820373535e-01 -2.183916270732879639e-01 5.572010874748229980e-01
9.226725697517395020e-01 -1.543897837400436401e-01 3.533258140087127686e-01
8.848397731781005859e-01 -1.025554388761520386e-01 4.544678032398223877e-01
9.201816916465759277e-01 -1.294977217912673950e-01 3.694534897804260254e-01
8.391373753547668457e-01 -1.974372752010822296e-02 5.435611605644226074e-01
4.510815739631652832e-01 3.463820517063140869e-01 8.225234150886535645e-01
7.235546112060546875e-01 2.160610705614089966e-01 6.555808782577514648e-01
6.642510294914245605e-01 2.705116569995880127e-01 6.968457102775573730e-01
4.784172475337982178e-01 2.653826177120208740e-01 8.370716571807861328e-01
6.189528703689575195e-01 1.380183845758438110e-01 7.732065320014953613e-01
5.699917674064636230e-01 2.756891548633575439e-01 7.740186452865600586e-01
3.787756860256195068e-01 3.565898239612579346e-01 8.540331125259399414e-01
2.433437556028366089e-01 3.277168869972229004e-01 9.128994345664978027e-01
1.931955963373184204e-01 3.829509317874908447e-01 9.033404588699340820e-01
4.055590331554412842e-01 4.817521870136260986e-01 7.768118381500244141e-01
5.013701319694519043e-01 3.953881263732910156e-01 7.696077823638916016e-01
1.607702821493148804e-01 2.992849946022033691e-01 9.405218362808227539e-01
-9.639801830053329468e-02 2.968475520610809326e-01 9.500468373298645020e-01
9.389867633581161499e-02 3.945398032665252686e-01 9.140686392784118652e-01
1.953804120421409607e-02 6.398317813873291016e-01 7.682665586471557617e-01
3.934790194034576416e-01 5.251704454421997070e-01 7.545663118362426758e-01
4.094936847686767578e-01 3.451440036296844482e-01 8.445060849189758301e-01
2.271285653114318848e-01 3.605853617191314697e-01 9.046495556831359863e-01
3.790223598480224609e-01 3.831482827663421631e-01 8.423416614532470703e-01
3.846517205238342285e-01 3.742693662643432617e-01 8.437804579734802246e-01
5.073531270027160645e-01 4.082143008708953857e-01 7.589161992073059082e-01
5.486499667167663574e-01 4.939718246459960938e-01 6.745183467864990234e-01
4.350273609161376953e-01 5.105602145195007324e-01 7.416734695434570312e-01
5.056911706924438477e-01 3.451251685619354248e-01 7.906737923622131348e-01
3.599308133125305176e-01 4.712372422218322754e-01 8.052237629890441895e-01
5.013316869735717773e-01 5.728387236595153809e-01 6.484768986701965332e-01
3.546933233737945557e-01 4.777747690677642822e-01 8.036939501762390137e-01
7.907353341579437256e-02 4.302053451538085938e-01 8.992612361907958984e-01
2.656339704990386963e-01 4.887747466564178467e-01 8.309860825538635254e-01
4.002935588359832764e-01 3.680908381938934326e-01 8.392104506492614746e-01
3.373845517635345459e-01 5.822068452835083008e-01 7.397342920303344727e-01
2.296815812587738037e-01 3.762398958206176758e-01 8.976023197174072266e-01
4.254011437296867371e-02 3.409020602703094482e-01 9.391358494758605957e-01
2.281866520643234253e-01 4.194347262382507324e-01 8.786383867263793945e-01
1.646552979946136475e-01 3.638178706169128418e-01 9.168016314506530762e-01
-1.978630125522613525e-01 4.976876080036163330e-01 8.444863557815551758e-01
-1.251668855547904968e-02 4.496133923530578613e-01 8.931355476379394531e-01
7.120056450366973877e-02 6.351357102394104004e-01 7.691119313240051270e-01
4.511721804738044739e-02 7.648494839668273926e-01 6.426272392272949219e-01
1.915126293897628784e-01 6.265003085136413574e-01 7.555264234542846680e-01
6.798896193504333496e-02 6.704847216606140137e-01 7.388015389442443848e-01
-3.663729131221771240e-02 4.291306436061859131e-01 9.024990200996398926e-01
-1.593996733427047729e-01 4.608882367610931396e-01 8.730256557464599609e-01
-1.247957199811935425e-01 7.164483070373535156e-01 6.863875389099121094e-01
-4.102848470211029053e-01 5.741758942604064941e-01 7.085114717483520508e-01
-3.867869079113006592e-01 6.910508871078491211e-01 6.106100082397460938e-01
-3.646869957447052002e-01 6.642543077468872070e-01 6.525102257728576660e-01
-2.474939078092575073e-01 5.349850654602050781e-01 8.077980875968933105e-01
-5.486140847206115723e-01 5.569933652877807617e-01 6.235230565071105957e-01
-4.204918444156646729e-01 8.224527835845947266e-01 3.830900192260742188e-01
-4.508977532386779785e-01 6.882917881011962891e-01 5.682830810546875000e-01
-1.084959134459495544e-01 6.359459757804870605e-01 7.640689611434936523e-01
1.862990260124206543e-01 5.010802745819091797e-01 8.451101183891296387e-01
-2.453563809394836426e-01 5.944260954856872559e-01 7.658053040504455566e-01
-2.088915854692459106e-01 5.097565650939941406e-01 8.345732688903808594e-01
1.979909278452396393e-02 4.486214816570281982e-01 8.935025334358215332e-01
-5.561037361621856689e-02 3.267337083816528320e-01 9.434789419174194336e-01
-4.067403450608253479e-02 2.011844813823699951e-01 9.787085652351379395e-01
-1.291864514350891113e-01 1.529573798179626465e-01 9.797524213790893555e-01
-1.299456655979156494e-01 2.287926226854324341e-01 9.647632241249084473e-01
-2.391191869974136353e-01 4.925792217254638672e-01 8.367722034454345703e-01
-4.698667824268341064e-01 4.420170485973358154e-01 7.640982270240783691e-01
-3.840636610984802246e-01 4.725518822669982910e-01 7.932148575782775879e-01
-3.029178977012634277e-01 6.005350947380065918e-01 7.399989366531372070e-01
-1.028859168291091919e-01 4.420396685600280762e-01 8.910754323005676270e-01
1.471472978591918945e-01 1.619402170181274414e-01 9.757679104804992676e-01
3.578860685229301453e-02 2.527239918708801270e-01 9.668763279914855957e-01
-1.636049598455429077e-01 7.531907409429550171e-02 9.836465120315551758e-01
-2.146666496992111206e-02 5.756567046046257019e-02 9.981108903884887695e-01
1.003065481781959534e-01 5.255951732397079468e-02 9.935673475265502930e-01
-8.491645753383636475e-02 5.702884867787361145e-02 9.947547316551208496e-01
2.625668346881866455e-01 1.989925950765609741e-01 9.441719055175781250e-01
1.750047653913497925e-01 1.533775031566619873e-01 9.725475311279296875e-01
4.523355364799499512e-01 -1.910075694322586060e-01 8.711536526679992676e-01
3.027434647083282471e-01 -2.065555602312088013e-01 9.304198622703552246e-01
3.093939125537872314e-01 -4.488353803753852844e-02 9.498741030693054199e-01
2.366942167282104492e-01 -3.724280297756195068e-01 8.973701596260070801e-01
3.582800030708312988e-01 -4.438425898551940918e-01 8.213642835617065430e-01
1.129876673221588135e-01 -5.206148028373718262e-01 8.462824225425720215e-01
3.585334420204162598e-01 -5.416871309280395508e-01 7.602820396423339844e-01
2.233105748891830444e-01 -6.473172903060913086e-01 7.287747859954833984e-01
2.438963502645492554e-01 -5.423226952552795410e-01 8.039904832839965820e-01
1.352708041667938232e-01 -6.421062946319580078e-01 7.545868754386901855e-01
1.621544659137725830e-01 -4.567415714263916016e-01 8.746959567070007324e-01
1.871397644281387329e-01 -2.730172872543334961e-01 9.436314702033996582e-01
1.502660661935806274e-01 -3.281836807727813721e-01 9.325854778289794922e-01
-1.502350419759750366e-01 -3.193777799606323242e-01 9.356427192687988281e-01
1.502687186002731323e-01 -3.283306360244750977e-01 9.325333237648010254e-01
6.425192952156066895e-02 -2.593361437320709229e-01 9.636474847793579102e-01
3.972081542015075684e-01 -2.387850135564804077e-01 8.861192464828491211e-01
3.142490088939666748e-01 -3.196628391742706299e-01 8.939033746719360352e-01
4.301734268665313721e-01 -2.273011505603790283e-01 8.736618757247924805e-01
2.342140525579452515e-01 -3.023740947246551514e-01 9.239662885665893555e-01
-4.827778413891792297e-02 -6.394555568695068359e-01 7.673107385635375977e-01
-2.197451144456863403e-02 -6.531208753585815430e-01 7.569347023963928223e-01
-1.531423628330230713e-01 -6.961622834205627441e-01 7.013597488403320312e-01
1.341966092586517334e-01 -7.168050408363342285e-01 6.842381358146667480e-01
2.905587432906031609e-03 -8.160510659217834473e-01 5.779724717140197754e-01
-8.466833829879760742e-02 -8.147454261779785156e-01 5.736036300659179688e-01
-1.982545256614685059e-01 -7.303011417388916016e-01 6.537242531776428223e-01
-1.195384338498115540e-01 -8.453094959259033203e-01 5.207325220108032227e-01
-1.205603964626789093e-02 -9.066390991210937500e-01 4.217347800731658936e-01
2.881190776824951172e-01 -9.038027524948120117e-01 3.164301812648773193e-01
-6.875091046094894409e-02 -8.772154450416564941e-01 4.751488566398620605e-01
-1.786235719919204712e-01 -8.367192149162292480e-01 5.176819562911987305e-01
-1.234273090958595276e-01 -6.967811584472656250e-01 7.065845131874084473e-01
-4.071986675262451172e-01 -7.559486031532287598e-01 5.125729441642761230e-01
-3.837743699550628662e-01 -5.951408147811889648e-01 7.060627341270446777e-01
-4.994981363415718079e-02 -7.169309258460998535e-01 6.953524351119995117e-01
-3.126423954963684082e-01 -7.024860382080078125e-01 6.393497586250305176e-01
-2.686866223812103271e-01 -7.858035564422607422e-01 5.570639967918395996e-01
-1.421341300010681152e-01 -9.045461416244506836e-01 4.019876420497894287e-01
-3.460074067115783691e-01 -8.787779211997985840e-01 3.286765217781066895e-01
-3.130244463682174683e-02 -9.891065955162048340e-01 1.438348889350891113e-01
2.352098934352397919e-02 -9.741860032081604004e-01 2.245180457830429077e-01
-2.543281316757202148e-01 -9.131622314453125000e-01 3.185152113437652588e-01
-2.100633382797241211e-01 -9.672350883483886719e-01 1.425822675228118896e-01
-3.842434287071228027e-01 -9.225738644599914551e-01 -3.484833613038063049e-02
-5.650047659873962402e-01 -7.608363032341003418e-01 -3.192142248153686523e-01
-4.470990002155303955e-01 -7.738559842109680176e-01 -4.486082494258880615e-01
-7.076922655105590820e-01 -4.642300903797149658e-01 -5.325993895530700684e-01
-8.193414807319641113e-01 -5.302314758300781250e-01 -2.180231362581253052e-01
-7.071229219436645508e-01 -1.111996397376060486e-01 -6.982920765876770020e-01
-3.789370954036712646e-01 -2.452184446156024933e-02 -9.250974655151367188e-01
-3.840638399124145508e-01 -1.609281599521636963e-01 -9.091738462448120117e-01
-4.170414209365844727e-01 -1.006544660776853561e-02 -9.088317751884460449e-01
-5.150882601737976074e-01 -1.402834951877593994e-01 -8.455793857574462891e-01
-5.281879305839538574e-01 1.607172042131423950e-01 -8.337790369987487793e-01
-6.359057426452636719e-01 -1.145669594407081604e-01 -7.632157206535339355e-01
-5.513505935668945312e-01 -5.185620486736297607e-02 -8.326604366302490234e-01
-4.765448570251464844e-01 -2.442294061183929443e-01 -8.445454835891723633e-01
-5.261306762695312500e-01 -5.300931632518768311e-02 -8.487499952316284180e-01
-5.752317905426025391e-01 -4.788560420274734497e-02 -8.165876865386962891e-01
-5.671384930610656738e-01 -2.578908801078796387e-01 -7.822059988975524902e-01
-6.445478796958923340e-01 -1.995519101619720459e-01 -7.380630373954772949e-01
-5.728336572647094727e-01 -1.532853692770004272e-01 -8.052113056182861328e-01
-6.716194152832031250e-01 -1.172549203038215637e-01 -7.315590381622314453e-01
-6.790722608566284180e-01 -3.582439422607421875e-01 -6.407200098037719727e-01
-5.458298921585083008e-01 -2.206715941429138184e-02 -8.376053571701049805e-01
-5.384010076522827148e-01 -1.228251233696937561e-01 -8.336895704269409180e-01
-4.577690064907073975e-01 -1.709937304258346558e-01 -8.724727034568786621e-01
-5.594614148139953613e-01 -6.325557082891464233e-02 -8.264390826225280762e-01
-4.682883322238922119e-01 -1.451684236526489258e-01 -8.715688586235046387e-01
-5.830488204956054688e-01 -1.111906096339225769e-01 -8.047924041748046875e-01
-6.270140409469604492e-01 -2.287284582853317261e-01 -7.446722984313964844e-01
-6.268798112869262695e-01 -2.071916759014129639e-01 -7.510614991188049316e-01
-7.633493542671203613e-01 -4.822659865021705627e-02 -6.441832184791564941e-01
-6.567477583885192871e-01 5.247307196259498596e-02 -7.522825002670288086e-01
-8.303061127662658691e-01 -7.904138416051864624e-02 -5.516740083694458008e-01
-7.906891703605651855e-01 -1.688704639673233032e-01 -5.884670615196228027e-01
-7.360036373138427734e-01 -2.639409005641937256e-01 -6.234050393104553223e-01
-7.514231801033020020e-01 -3.748315945267677307e-02 -6.587550640106201172e-01
-7.508490085601806641e-01 -1.579187512397766113e-01 -6.413168907165527344e-01
-6.150996088981628418e-01 -2.015857845544815063e-01 -7.622438669204711914e-01
-6.742606163024902344e-01 -1.763359904289245605e-01 -7.171319723129272461e-01
-6.726234555244445801e-01 -1.580871939659118652e-01 -7.229011654853820801e-01
-6.063784956932067871e-01 -2.144000381231307983e-01 -7.657269835472106934e-01
-7.445071935653686523e-01 -3.341800570487976074e-01 -5.779556632041931152e-01
-6.061705946922302246e-01 -3.637349307537078857e-01 -7.072864174842834473e-01
-5.260840654373168945e-01 -1.863460801541805267e-02 -8.502283096313476562e-01
-4.356205463409423828e-01 -8.266530930995941162e-02 -8.963265419006347656e-01
-3.770701289176940918e-01 -1.993777900934219360e-01 -9.044703245162963867e-01
