9.999999949588110892e-01
9.577356365323066445e-01
9.275861127891732449e-01
9.036372490603514773e-01
8.823036702756349436e-01
8.642844037742031249e-01
8.507246937507237927e-01
8.298860050968288604e-01
8.091251551332868663e-01
7.908653595174351958e-01
7.709901838402473118e-01
7.482559127242941477e-01
7.239519676203449716e-01
6.944940098105593096e-01
6.682966167435926419e-01
6.511224378501215826e-01
6.285776779055595176e-01
6.064869989033626618e-01
5.866272423843867934e-01
5.743935406822097134e-01
5.606053440281040245e-01
5.455843315408047678e-01
5.264041220051283165e-01
5.080765124012747158e-01
4.909941972059718718e-01
4.769316829465837793e-01
4.611138880785022320e-01
4.514828103583777286e-01
4.381862838747184186e-01
4.289105527622755210e-01
4.263426181342866439e-01
4.273659246151937929e-01
4.215230388048837873e-01
4.217907228019265875e-01
4.208282815839002322e-01
4.213703763054078011e-01
4.245483829216523675e-01
4.303793258874154537e-01
4.427290773647694633e-01
4.539873617022861518e-01
4.608903761420931056e-01
4.690983178094029205e-01
4.717148310920727394e-01
4.787934725231762223e-01
4.835639561342585657e-01
4.881576149222942584e-01
4.921767447744646584e-01
4.971305368976159378e-01
5.047651157270069966e-01
5.121595506605348680e-01
5.140000680424520185e-01
5.144654061396917166e-01
5.180987898235352995e-01
5.290696948666024912e-01
5.343607001031945858e-01
5.409411470061296079e-01
5.466069420350009311e-01
5.536835982153812674e-01
5.592789579104709974e-01
5.631840615730050459e-01
5.618309052330805464e-01
5.615712302071708129e-01
5.537309103625284168e-01
5.484180348938789695e-01
5.433385683781039033e-01
5.433426154229570315e-01
5.407001358491403398e-01
5.319218867555705055e-01
5.260249739302728100e-01
5.193631744830671249e-01
5.145123830733407955e-01
5.088396241745123394e-01
5.063925826445568878e-01
5.004501280200202018e-01
4.960077180871813041e-01
4.937377134485850250e-01
4.912742117494344751e-01
4.927383333805107068e-01
4.957321933432807803e-01
4.932528232819721192e-01
4.948460560076493042e-01
4.984289028371373664e-01
4.979664668315598730e-01
4.965686075136823141e-01
4.990048572484754308e-01
4.914230292598749106e-01
4.918644335930761891e-01
4.946312284456533259e-01
5.018382671462223721e-01
5.039314501253622236e-01
5.089125485570581420e-01
5.033564065329053649e-01
4.997555063951999998e-01
4.927789050809763260e-01
4.874742687723346846e-01
4.779578650475673207e-01
4.742123817758900906e-01
4.727418846808947306e-01
4.745028344100540307e-01
4.756316055415892308e-01
4.642515653873434123e-01
4.539434328675270303e-01
4.457199212276574118e-01
4.341432157219672905e-01
4.303668109872906267e-01
4.250601050443947315e-01
4.197215564941105259e-01
4.194170253232438750e-01
4.029850438237190247e-01
3.853763248771429062e-01
3.734531050732174950e-01
3.599753600855668534e-01
3.435766326075189725e-01
3.407481094314293579e-01
3.319200028975804462e-01
3.278037402778863907e-01
3.294941768926732406e-01
3.286036815760390861e-01
3.263884754963667922e-01
3.282511694038786620e-01
3.187067151345588378e-01
3.085228821262717136e-01
3.000442676210799409e-01
2.960460781095883842e-01
2.948064540283052981e-01
2.961198528003143871e-01
2.976206456124782518e-01
3.010520161305730302e-01
3.090683607614203576e-01
3.192336152100728741e-01
3.266942075283174596e-01
3.300351044163107872e-01
3.401240197320778980e-01
3.414249294163549386e-01
3.489435070486210932e-01
3.582854703012289255e-01
3.665595402511266365e-01
3.820028282061684877e-01
4.063796029677466670e-01
4.212865274279348204e-01
4.449271287341586834e-01
4.639442719519138447e-01
4.720216517226170638e-01
4.770720996733369690e-01
4.816491114988661892e-01
4.939700957121593849e-01
5.112657124345952875e-01
5.380220669149248236e-01
5.515186826013168675e-01
5.633986543577450545e-01
5.746922230019289035e-01
5.820244562625884743e-01
5.845034572542929796e-01
5.806231144815683365e-01
5.764851662072729699e-01
5.775625725155291157e-01
5.826667908165189536e-01
5.832865962927992198e-01
5.784675984881645361e-01
5.841543202598890039e-01
5.883290690438049975e-01
5.838066537864505801e-01
5.808062404394149780e-01
5.869753594069104796e-01
5.861301337544982948e-01
5.906479077206717720e-01
5.941231088978903285e-01
6.014036729055292074e-01
6.205081424929879130e-01
6.294356747530400753e-01
6.368637709848342654e-01
6.658986488978068108e-01
6.975687146186828613e-01
7.034693402903420267e-01
7.137064823397883950e-01
7.285871161864354573e-01
7.380129277706146684e-01
7.552249742050965997e-01
7.892049227071844530e-01
8.140006972984834555e-01
8.276514978635878261e-01
8.257255494594574197e-01
8.182675869841324889e-01
8.073538210656907577e-01
7.716365035842446263e-01
7.335166241973638535e-01
6.884652376174926758e-01
6.544210378612790313e-01
6.499354357902820123e-01
6.417910680174827576e-01
6.095781353386965362e-01
5.887777924537658247e-01
5.412586198912726632e-01
4.759098552167415619e-01
4.047246915953500168e-01
3.600819905598958148e-01
2.558726668357849121e-01
1.848061420023441315e-01
1.202779908974965367e-01
2.453514784574508667e-01
