9.999999982207569138e-01
9.575569847226143017e-01
9.315373717839993128e-01
9.117879650809548320e-01
8.860524283145284619e-01
8.681878716665871742e-01
8.484566422609182146e-01
8.285850387873109346e-01
8.060813100690050748e-01
7.796002217801287770e-01
7.590179974652085937e-01
7.405114956788326763e-01
7.230543658807480067e-01
7.006635268000845906e-01
6.726814131127959451e-01
6.493474149335456413e-01
6.224992822956394445e-01
5.920034868480719137e-01
5.722311950120769763e-01
5.498017262217107515e-01
5.240897339928215493e-01
5.023404330843024290e-01
4.817597654611704971e-01
4.647008818103356420e-01
4.478937187521471186e-01
4.342884940349243106e-01
4.158307230046817127e-01
3.946676059015866156e-01
3.730084173424395577e-01
3.527692002785760561e-01
3.404233041410034688e-01
3.304497126709012300e-01
3.174293187595683685e-01
3.081812797726819486e-01
2.956257019258901608e-01
2.791150701512773447e-01
2.660502943520744457e-01
2.626411660188218700e-01
2.572474142456530055e-01
2.479007770824763479e-01
2.336914663937706416e-01
2.153530419222079162e-01
1.944545352796338555e-01
1.858207841722082365e-01
1.770354434017352985e-01
1.666421002517334826e-01
1.580268541651387304e-01
1.419993485142658218e-01
1.359613562623659677e-01
1.373940146479167568e-01
1.349446047714214503e-01
1.400071098158756910e-01
1.435443489443535836e-01
1.434259890905908719e-01
1.453014670484731041e-01
1.456839964559225320e-01
1.519110818875246960e-01
1.548537315490345068e-01
1.585423886788995818e-01
1.620408696922617797e-01
1.579652249231828787e-01
1.613140624548707602e-01
1.641676479803143573e-01
1.666738693804844518e-01
1.756251501939157522e-01
1.764832148465382833e-01
1.843243368797831960e-01
1.928241405524869501e-01
1.942195745283051556e-01
2.015199661713488744e-01
2.136924389166800220e-01
2.207583182992843562e-01
2.270051679725563765e-01
2.404015597858233377e-01
2.589612845771425143e-01
2.715402381228549378e-01
2.869069070070981997e-01
3.104095355787825361e-01
3.259826156545460596e-01
3.398159006457837084e-01
3.523854188744194316e-01
3.660038831022878747e-01
3.793444012628257589e-01
3.896307321738893825e-01
4.074709801974459866e-01
4.177010810195371793e-01
4.346700580385716162e-01
4.514218471748264183e-01
4.711452150898697289e-01
4.964610534121415286e-01
5.125332527735211308e-01
5.275244235992431197e-01
5.429976040138564386e-01
5.578300120800526729e-01
5.601301034129111400e-01
5.606928331390866882e-01
5.638310669433502786e-01
5.660676554991648235e-01
5.693337131761809777e-01
5.712955605749990839e-01
5.762676649754590041e-01
5.772572891414164964e-01
5.801121674177019960e-01
5.738152330931352019e-01
5.746311662123375630e-01
5.661047805333510041e-01
5.554978952792130054e-01
5.470510672064538005e-01
5.430514651440805363e-01
5.282457082977761731e-01
5.207004515597453143e-01
5.140272513859801551e-01
5.033408230944965700e-01
5.044998491013591435e-01
5.017235809187780005e-01
4.936834997822379112e-01
4.887320683282964096e-01
4.726631640500965625e-01
4.597720628133021292e-01
4.359463733143922881e-01
4.116304226702562352e-01
3.913520359434187190e-01
3.591141323500041671e-01
3.420356665618526359e-01
3.226967072235299439e-01
3.017344292449323784e-01
2.933285580078761057e-01
2.725404601644825231e-01
2.500520903770237502e-01
2.335840090591874418e-01
2.201945501523958071e-01
1.984794982842036648e-01
1.855758813520272665e-01
1.735367643482544908e-01
1.573625949781332356e-01
1.282391464055487595e-01
1.052720628105677098e-01
8.642861794214695692e-02
6.435679999135789087e-02
4.396195757773614654e-02
2.640691497286812295e-02
1.862618836263815400e-02
2.640131545268882985e-03
-1.378133263567398251e-02
-2.289109372354129063e-02
-3.592258838138410321e-02
-6.588100316849622440e-02
-7.977396511921176769e-02
-9.301703261598101569e-02
-1.064993216154666994e-01
-1.179414246158272672e-01
-1.332492324709892151e-01
-1.427058658125449075e-01
-1.612558707905312472e-01
-1.757749531497346529e-01
-1.870665371256030052e-01
-2.078205122715897080e-01
-2.238666797903451078e-01
-2.504183027979939302e-01
-2.784376462389315798e-01
-3.026318677314898120e-01
-3.259831878356635460e-01
-3.461998857748814218e-01
-3.541132884198113229e-01
-3.417319139918765236e-01
-3.457547345509131564e-01
-3.441241687961987261e-01
-3.368635427425889506e-01
-3.204149001023985921e-01
-3.113515730947256088e-01
-2.813757614743325197e-01
-2.467302958170572991e-01
-2.194138354268567181e-01
-2.126430746700082586e-01
-2.033656741733904372e-01
-1.714353171678689725e-01
-1.412927263975143344e-01
-1.189770397419730869e-01
-8.799783383374629175e-02
-4.103054851293563843e-02
1.473311263890493550e-02
4.559504389762878557e-02
1.093415249335138451e-01
1.639747983879513149e-01
1.955736358376110318e-01
2.347106654196977615e-01
2.986586372057596916e-01
3.656236593212400243e-01
4.134299193437283026e-01
4.664495078225930347e-01
5.313692106442018392e-01
5.570211678743361983e-01
5.542394138044781648e-01
6.116672530770301819e-01
6.264561329569134918e-01
6.453032493591308594e-01
6.664948463439941406e-01
6.617551371455192566e-01
7.262214620908101770e-01
5.893766880035400391e-01
