9.999999988138379425e-01
9.583258742094039606e-01
9.312037753699412557e-01
9.092619590687028852e-01
8.903526545781169643e-01
8.753021619453722479e-01
8.519959373351855270e-01
8.393634258164572870e-01
8.196007880367763843e-01
8.017823143551746634e-01
7.853242687061818827e-01
7.710082985852894089e-01
7.570921013713198811e-01
7.313404917875503397e-01
7.138273993078718682e-01
6.968410500996214951e-01
6.747819474822766006e-01
6.545788444700124664e-01
6.366726694618417559e-01
6.226767902876567673e-01
6.064485767598968291e-01
5.911663533692869121e-01
5.770515377669693802e-01
5.592541875673479046e-01
5.436211235421357646e-01
5.323940809308127520e-01
5.201861119589635818e-01
5.105579147950328744e-01
4.954077351644549099e-01
4.834355733162442048e-01
4.725948908524206238e-01
4.687832230154205804e-01
4.663978372011664542e-01
4.604463304082552777e-01
4.572198255891036234e-01
4.490927393177905902e-01
4.429475968872959024e-01
4.433530113069204526e-01
4.424943949775827501e-01
4.406053040314603653e-01
4.316960910554998310e-01
4.250865354668348917e-01
4.131913216749452111e-01
4.082620924315120692e-01
4.038955969795299805e-01
3.975461893953765036e-01
3.985025141989030906e-01
3.997863035455539449e-01
4.034676405485548845e-01
4.073745796034161648e-01
4.060077218721244718e-01
4.026772488902012337e-01
4.042350573327717633e-01
4.082233239770741151e-01
4.136441518001410245e-01
4.164671309496442153e-01
4.254802853896700321e-01
4.371572335043715229e-01
4.446846077257728402e-01
4.498140126151937701e-01
4.502692517712184039e-01
4.478359387788389268e-01
4.509312089452212069e-01
4.546166934288929928e-01
4.636844158390142634e-01
4.762299862854620924e-01
4.832790791436478162e-01
4.957619034754696119e-01
4.974476761163625360e-01
5.028958433364151270e-01
5.112855673291301084e-01
5.160272835538937120e-01
5.262196434214133633e-01
5.275671381095889956e-01
5.267233811318874359e-01
5.281062229048638645e-01
5.365047319531440762e-01
5.486420225352048874e-01
5.527272204436907144e-01
5.545108951017504451e-01
5.542734550419917694e-01
5.581971321254968199e-01
5.585191936521720635e-01
5.558698473940208995e-01
5.588633477942556160e-01
5.603499769008365439e-01
5.601797600803167798e-01
5.629239980327455095e-01
5.635269759634954356e-01
5.658933961697455439e-01
5.689929405495792736e-01
5.726219844750383148e-01
5.795913470242548549e-01
5.789312220833919831e-01
5.691823839236085369e-01
5.604477393142176522e-01
5.571513306172121149e-01
5.596527801110193767e-01
5.567869841690781252e-01
5.503253917593289302e-01
5.354789473061071226e-01
5.276878085173666300e-01
5.231432250202304735e-01
5.225289660905089173e-01
5.222547208679091391e-01
5.168396818529193970e-01
5.121316289823306667e-01
5.020728043102203886e-01
4.932012316039813271e-01
4.732367588591802621e-01
4.603173278661055745e-01
4.492150062591665494e-01
4.355666233080156546e-01
4.327024785717102362e-01
4.279524480560045196e-01
4.342018104223318020e-01
4.368105624418924804e-01
4.340565168919662820e-01
4.341581257688532647e-01
4.418816824171056257e-01
4.459027143908135815e-01
4.444556110072880872e-01
4.433376352432407685e-01
4.448272753029297588e-01
4.538007476306580856e-01
4.584645428939869705e-01
4.692694981892903683e-01
4.686870644422801990e-01
4.633918255567550659e-01
4.684889642521739006e-01
4.776346476512475792e-01
4.808867258684975665e-01
4.750646244518567096e-01
4.619115514215081930e-01
4.446491602419027633e-01
4.352896963951713993e-01
4.196575396622602705e-01
4.134614305803552270e-01
4.067440990890775487e-01
3.892134188584262522e-01
3.758464216819552006e-01
3.680955699334542142e-01
3.627015390449156440e-01
3.539814098641790308e-01
3.555978468962405770e-01
3.446252189044441416e-01
3.318720934065905737e-01
3.277470737833667602e-01
3.164990360163292826e-01
3.169075431158909217e-01
3.156066031432619434e-01
3.114593286812305517e-01
3.080988906095830648e-01
2.994651925594856157e-01
2.943724626873401862e-01
2.831670711545840602e-01
2.743437086542447334e-01
2.676120073619214224e-01
2.427420484465221961e-01
2.248923878761984185e-01
2.255126485010472692e-01
2.322007978189503663e-01
2.342296974399150911e-01
2.320164257758542126e-01
2.389106759549798065e-01
2.410051406671603613e-01
2.335831211081572933e-01
2.135334150756106608e-01
2.069892684618631906e-01
2.069384714122861624e-01
1.968671679496765137e-01
1.762620653957128469e-01
1.725697787799711780e-01
1.531154965715748884e-01
1.379949555352882051e-01
1.296251937747001648e-01
1.164522841572761536e-01
7.593682159980137680e-02
5.989804021690203067e-02
4.130823249843987299e-02
2.760015694158417937e-02
-8.331246674060821967e-04
-3.298158708371614484e-02
-5.289135775011447049e-02
-8.242543217013864609e-02
-1.227596830576658249e-01
-1.363453323642412895e-01
-1.195026809083563901e-01
-1.177447231916280840e-01
-1.214345724632342610e-01
-1.470866867087104179e-01
-1.586325597018003464e-01
-2.378736829592121849e-01
-2.949271518737077713e-01
-3.547066301107406616e-01
-4.085044165452321185e-01
-4.794035315513610618e-01
-5.438527762889862061e-01
-5.922345916430155066e-01
-6.171344220638275146e-01
