9.999999976276758851e-01
9.575931549072265181e-01
9.312661964090624966e-01
9.080135837347820260e-01
8.798655540810018660e-01
8.565615608680005044e-01
8.349009635738837698e-01
8.111244120548680714e-01
7.832810776838984301e-01
7.573641558798650530e-01
7.309536541085592809e-01
7.071479407972410813e-01
6.884996656072203125e-01
6.652730954018362119e-01
6.389501698833098819e-01
6.145358484598898441e-01
5.906957275158649656e-01
5.658032733380146118e-01
5.386104619161027340e-01
5.211951290871333908e-01
5.010749438767274633e-01
4.765797217273050057e-01
4.572803766034834738e-01
4.357584086613038865e-01
4.184336410572299658e-01
4.117943407459692673e-01
3.978682553289192292e-01
3.848157545615886743e-01
3.711400575117568823e-01
3.628139132850392023e-01
3.545721938386995342e-01
3.428692370214883045e-01
3.334281075988295706e-01
3.203081698600380167e-01
3.089289533610115601e-01
2.964545555008822331e-01
2.910573984976067563e-01
2.809070705368024723e-01
2.761125610284278498e-01
2.728178925168366908e-01
2.679653785521199372e-01
2.692821108154020981e-01
2.602335119491103188e-01
2.527142921344766036e-01
2.433014333153226683e-01
2.355357738068470652e-01
2.301874073282364763e-01
2.218543984141055636e-01
2.198291491546661980e-01
2.180348758365174555e-01
2.106519346896386369e-01
2.052705245837569137e-01
2.012987976406244717e-01
1.995430330468996039e-01
1.984615358365636184e-01
2.017982857148737097e-01
2.056015386406717660e-01
2.047328736969373231e-01
1.970066990625191361e-01
1.891119711586392305e-01
1.822547099374710322e-01
1.844254477880895027e-01
1.761839461358759851e-01
1.668153058035650171e-01
1.582576279412873377e-01
1.541629501015824300e-01
1.542335520601934851e-01
1.521952806819063531e-01
1.588342318353348215e-01
1.652535232291980349e-01
1.750752491066019101e-01
1.866000384378891652e-01
1.991567879395429452e-01
2.095561550813727081e-01
2.209785514929163142e-01
2.359580767769662024e-01
2.505544537901878144e-01
2.659501960621245553e-01
2.826807992608566522e-01
2.984730473063031408e-01
3.123170025338811162e-01
3.317280974549551842e-01
3.520394596232085394e-01
3.725358701737250255e-01
3.880660779073706879e-01
4.021885955128176593e-01
4.180616812861484011e-01
4.423461133581504390e-01
4.611168872993604007e-01
4.735397861472198100e-01
4.927368670836225206e-01
5.115101383490996412e-01
5.237708212038792999e-01
5.330125592924930267e-01
5.376865284117026134e-01
5.483226806347100135e-01
5.654892532598404520e-01
5.808016927912831306e-01
5.895139187285043381e-01
5.984257536337656003e-01
5.992705077301747618e-01
5.982973917573690681e-01
6.093572205816856213e-01
6.138432166178007243e-01
6.249278263025677127e-01
6.304560739081352949e-01
6.288246061456831404e-01
6.369758383073704788e-01
6.413494390185161542e-01
6.352701447904109955e-01
6.393413844999376039e-01
6.386435425115956077e-01
6.423537804002172891e-01
6.448457582261074572e-01
6.400166475267587973e-01
6.341438527370608647e-01
6.369806227000320842e-01
6.332471142744734438e-01
6.264075162001403463e-01
6.095670702889924852e-01
5.889382849872848436e-01
5.656594368629157543e-01
5.441185856544519250e-01
5.237955203136572813e-01
5.086908788456545594e-01
4.962157932061113663e-01
4.859306077162424686e-01
4.808300255319556404e-01
4.747885575849715711e-01
4.726854584490259303e-01
4.587564597981916292e-01
4.453298293586288037e-01
4.343989704722079903e-01
4.180737935992724918e-01
3.980187982765596155e-01
3.826526791760415658e-01
3.658042738643976222e-01
3.439795412123203278e-01
3.324791166990522240e-01
3.093515332908399751e-01
2.904364510637814645e-01
2.711252209420005332e-01
2.444684581231262588e-01
2.194595431973194177e-01
1.961934969090578795e-01
1.764630357335720823e-01
1.418850393119183428e-01
1.158863101844434390e-01
1.052023543501799940e-01
8.309054847520130904e-02
5.057880611104123569e-02
2.141441956162452864e-02
-4.291911590464261503e-03
-2.536642590227226532e-02
-4.853788731580085253e-02
-5.799946124139039594e-02
-7.965859158171548215e-02
-9.402922862632707990e-02
-1.218197901928147614e-01
-1.415690011566593520e-01
-1.536689347973684006e-01
-1.790275644510984365e-01
-1.987297896009225240e-01
-2.190175138806041977e-01
-2.411931763226921599e-01
-2.512793632017241707e-01
-2.614627961601529993e-01
-2.807880602777004242e-01
-2.752431432406107770e-01
-2.678827196359634399e-01
-2.670875244563625794e-01
-2.816235198328892464e-01
-2.746614165090281445e-01
-2.990743150668485062e-01
-3.089386202670909576e-01
-3.048659020031874167e-01
-3.115341481566429316e-01
-3.100755431999762668e-01
-2.870916944483052347e-01
-2.613397694446824016e-01
-2.289239437807173982e-01
-2.142535285092890263e-01
-1.964114026019447845e-01
-2.063352374566925773e-01
-2.218827355433912740e-01
-2.336443495005369186e-01
-2.168570796648661425e-01
-1.940090794648443029e-01
-1.831813534865012472e-01
-1.605865576614936285e-01
-1.747533028775995478e-01
-1.954897001385688671e-01
-2.788161858916282654e-01
-3.338082637637853622e-01
-3.971049487590789795e-01
-4.448463420073191510e-01
-4.605455040931701882e-01
-4.846088215708732605e-01
-4.859291315078735352e-01
-5.717626214027404785e-01
