9.999999961449732577e-01
9.577845844626426963e-01
9.312976350137336379e-01
9.085957254424239515e-01
8.877396805939941071e-01
8.725274168715184686e-01
8.547710649478129641e-01
8.312234430737102109e-01
8.097554940942655044e-01
7.891500510741025209e-01
7.695058851810026024e-01
7.563333180389906207e-01
7.397269074011731949e-01
7.131400537934708961e-01
6.941975151153809698e-01
6.773601887367104446e-01
6.571874772374693974e-01
6.408741866521860953e-01
6.211786691934033655e-01
6.055130882004460258e-01
5.902325579104172881e-01
5.725154561301072365e-01
5.573428691931943124e-01
5.420061182439996905e-01
5.263739916059256840e-01
5.177376939153129909e-01
5.043058860727719361e-01
4.967848024405966956e-01
4.869026300104367100e-01
4.766196271317989508e-01
4.693333127955247042e-01
4.647138040019747063e-01
4.593644973177176127e-01
4.551303535478100626e-01
4.512828586924219065e-01
4.409128132624080543e-01
4.401316155086864024e-01
4.431245245902640240e-01
4.419397852766367429e-01
4.405389591407628536e-01
4.306824106190885737e-01
4.214849227108061203e-01
4.136902919542864709e-01
4.092255059771145453e-01
4.003197330222197925e-01
3.947949037911036019e-01
3.911825836666168454e-01
3.907311175308831319e-01
3.959970819502094952e-01
3.948834841874869217e-01
3.941756484425620322e-01
3.926759888231754481e-01
3.891402387479007685e-01
3.949115981121321117e-01
4.040466476561260789e-01
4.040038353470090104e-01
4.134823707671000936e-01
4.211058555326114283e-01
4.275745149910241683e-01
4.374247960956164083e-01
4.423744751417890697e-01
4.410972919315099827e-01
4.446039027098914742e-01
4.467833905305335640e-01
4.582202136924449776e-01
4.718162330853588604e-01
4.771835712646996797e-01
4.849101881037897188e-01
4.880336356048184943e-01
4.907006566610300213e-01
4.964603230371388842e-01
5.076498277342089693e-01
5.155820611777693907e-01
5.197041993960738182e-01
5.189831294706017673e-01
5.187738351523876190e-01
5.304295152276754521e-01
5.413938663419215480e-01
5.442809709688511965e-01
5.474767037590996255e-01
5.438207235525954752e-01
5.478185637543598885e-01
5.499744171104511414e-01
5.496936458305029527e-01
5.504581037526711240e-01
5.511240034267820276e-01
5.503570914754400967e-01
5.542437766204800775e-01
5.565454236239986141e-01
5.544084850366094441e-01
5.582442379950940392e-01
5.601413986560973557e-01
5.653372261365618989e-01
5.659489833266923009e-01
5.585872885710168045e-01
5.476590885938901199e-01
5.449185284120695583e-01
5.408785422153484790e-01
5.324189120234505967e-01
5.285088674475749704e-01
5.162252730062913963e-01
5.072428560256958541e-01
5.013613138404308112e-01
4.935751535112456456e-01
4.940111836245686949e-01
4.914653540860551284e-01
4.798740806156083227e-01
4.723984503405208035e-01
4.615374818364137988e-01
4.384323156479260075e-01
4.228138358301513633e-01
4.085901121919353618e-01
3.970372848882434136e-01
3.943360104140909983e-01
3.882336605811256280e-01
3.928437897459018946e-01
3.984143076574100939e-01
3.973016602962854416e-01
3.964664479324885860e-01
4.028726341997886373e-01
4.074128271988880501e-01
4.065402919892221467e-01
4.078585653082479334e-01
4.135482478648042082e-01
4.287787418957654806e-01
4.296961187532073456e-01
4.391653559853633260e-01
4.424188541298782473e-01
4.399762136274821267e-01
4.497053073201742190e-01
4.570697390697371909e-01
4.599234896046774934e-01
4.564300611939119401e-01
4.462818019092082977e-01
4.283707268647293787e-01
4.213958471505479531e-01
4.102728835665262475e-01
3.998947482323274016e-01
3.925420427251429811e-01
3.716121184970102020e-01
3.545437147382830001e-01
3.482106606165568108e-01
3.398713986626115680e-01
3.319814678538462460e-01
3.303817514526216637e-01
3.209131613714686915e-01
3.100086480379104503e-01
3.012724764369152375e-01
2.984003970083200508e-01
2.989778421962490662e-01
3.029416208611984129e-01
2.903379448503256022e-01
2.804228087164917782e-01
2.750901680750151290e-01
2.713612628744003774e-01
2.651460961155269191e-01
2.556674748659134022e-01
2.433470724658532702e-01
2.274090269537166198e-01
2.102362690049977556e-01
2.103773382742230580e-01
2.190496098250150625e-01
2.198305957210369699e-01
2.164808235278254944e-01
2.161577764797855128e-01
2.210221321632464819e-01
2.207384922674724137e-01
2.115962823633761869e-01
2.057671203757777401e-01
2.077197047183290124e-01
2.040987485839474702e-01
1.775386918957034821e-01
1.717079022321207904e-01
1.567106610496661612e-01
1.278659505424676046e-01
1.086795964779762175e-01
9.479058891534805631e-02
6.020689352105060982e-02
3.957898728549480438e-02
2.149037711999633032e-02
6.222185457036608948e-03
-1.074814945459365810e-02
-3.735478143942983636e-02
-7.296262143386735011e-02
-1.040511424927150486e-01
-1.378570655360817909e-01
-1.474669605493545421e-01
-1.456147792216922476e-01
-1.450980208241022529e-01
-1.399304767449696951e-01
-1.588759252970868840e-01
-1.667217489331960789e-01
-2.450437926583819981e-01
-2.771479189395904541e-01
-3.537144267133304210e-01
-4.010401237756013870e-01
-4.950272589921951294e-01
-5.582467541098594666e-01
-5.728103915850321082e-01
-6.076292693614959717e-01
