9.999999925864869743e-01
9.618916034698485884e-01
9.375979154553245598e-01
9.115742622601865630e-01
8.855549587211027918e-01
8.633480219512569276e-01
8.408316482336093411e-01
8.166331872151991744e-01
7.913269922523300526e-01
7.663415410788729787e-01
7.419243024281806376e-01
7.160220645956303365e-01
6.987658973645280991e-01
6.739731646598653425e-01
6.508841271547072260e-01
6.292175886531671258e-01
6.025659505579922248e-01
5.763846885655885544e-01
5.498064719344097906e-01
5.287715547697638963e-01
5.081173758850900946e-01
4.875224199715174067e-01
4.650182685705536723e-01
4.454577997264065337e-01
4.296557909182909252e-01
4.209344699894162489e-01
4.064282772583621139e-01
3.919735909921341910e-01
3.788697645875673814e-01
3.685541584827872197e-01
3.596770254056356197e-01
3.492448894854854324e-01
3.379853522107446051e-01
3.271910521379184367e-01
3.174781234723008105e-01
3.041506104664989385e-01
2.992622723633592829e-01
2.899344319295955597e-01
2.853879155533993739e-01
2.804226523932115689e-01
2.775133452522828836e-01
2.751055467873811944e-01
2.675191549900567956e-01
2.590901863914502057e-01
2.526435400744911908e-01
2.444913602935580021e-01
2.409395449584530169e-01
2.313786322226772108e-01
2.278928886246837093e-01
2.243910590676884975e-01
2.155682657728132112e-01
2.111584780613581236e-01
2.043431710276827629e-01
2.038832571911247948e-01
1.995814642330416278e-01
2.006500068005837856e-01
2.018707764559778683e-01
1.995487906452682314e-01
1.915165808286283522e-01
1.838708074474838527e-01
1.755959509429356746e-01
1.761222805029579452e-01
1.710248242179266964e-01
1.658830503946629176e-01
1.597711566536531014e-01
1.572743104496861222e-01
1.559097486513632280e-01
1.529147545459555169e-01
1.556644256793914827e-01
1.618870245575001754e-01
1.715245819046297138e-01
1.839635664453873332e-01
1.977853624280108968e-01
2.082244363846257329e-01
2.195092037642799865e-01
2.301529893976828334e-01
2.430215248763561153e-01
2.610278041252205306e-01
2.818863692928135767e-01
2.998740203434326346e-01
3.142310350763896087e-01
3.310893919318914635e-01
3.549250685492483237e-01
3.756848749215320193e-01
3.978961315165218116e-01
4.102437301892145061e-01
4.308674965215765762e-01
4.553299131884909756e-01
4.735917956691927388e-01
4.889922206556158168e-01
5.042952744474819005e-01
5.249998168511824659e-01
5.396433191015086450e-01
5.468499570809028931e-01
5.531222163307889517e-01
5.624684169888496399e-01
5.777046207161177227e-01
5.949616560425895484e-01
6.048314672650643153e-01
6.142334859891265264e-01
6.127971727216597886e-01
6.132961211353540332e-01
6.229888093892974599e-01
6.300455269460775165e-01
6.408287007937726321e-01
6.398423383943736553e-01
6.374385657279114659e-01
6.426386965557615571e-01
6.448502215326473719e-01
6.395741960276728477e-01
6.430127962113736384e-01
6.405752888156308611e-01
6.420485685380656893e-01
6.432530942838639021e-01
6.459668455966587342e-01
6.395369946610095502e-01
6.405398456051069056e-01
6.354287193112430066e-01
6.251312609627304173e-01
6.047257456201605708e-01
5.842488697833485567e-01
5.589988836087286250e-01
5.383124953678136704e-01
5.188130759037076212e-01
5.035339712661195399e-01
4.886691393820862817e-01
4.782196172078450602e-01
4.749878540484083755e-01
4.737747571341795472e-01
4.691343487033413640e-01
4.611740371500941960e-01
4.464294015296867979e-01
4.333342503810274637e-01
4.206771022804519644e-01
4.022869112998692098e-01
3.899021325915148495e-01
3.733098133252217288e-01
3.548738760291598737e-01
3.390004873748809766e-01
3.175629776331685972e-01
3.006018770278477414e-01
2.809331956009070153e-01
2.527637389504303611e-01
2.280917948689953900e-01
2.098134030636988057e-01
1.866134458354541115e-01
1.489146705378185664e-01
1.224734384773506074e-01
1.048409990825742988e-01
7.674193769120253583e-02
5.211802908018523667e-02
2.956041634082794134e-02
9.293919163090842359e-03
-1.754126930609345436e-02
-3.812603224465187235e-02
-5.526281229179838550e-02
-7.271480543745888203e-02
-9.250345148823478636e-02
-1.191719669935315112e-01
-1.413109948237737112e-01
-1.529295300928557866e-01
-1.753827519714832306e-01
-1.988514499404491487e-01
-2.158893195814207966e-01
-2.362402502346683253e-01
-2.471880262924565086e-01
-2.553019481045858963e-01
-2.723289631745394734e-01
-2.774423238905993627e-01
-2.794968653470277786e-01
-2.790168038299006836e-01
-2.799314022064208762e-01
-2.853572655083804199e-01
-3.096511768443243606e-01
-3.135793868590284195e-01
-3.104889997496054765e-01
-3.162182235717773682e-01
-3.064521551132202148e-01
-3.016938288574633198e-01
-2.755589163438840195e-01
-2.452686407736369423e-01
-2.300776328891515621e-01
-2.215586053207516670e-01
-2.284266629980670205e-01
-2.491824764977483286e-01
-2.497910954989492893e-01
-2.332440982262293516e-01
-2.159246312720435046e-01
-2.042720707563253635e-01
-1.744091740498940057e-01
-1.907471696084195867e-01
-2.051705136895179693e-01
-2.945206844144397373e-01
-3.363824114203453064e-01
-3.806763823543276026e-01
-4.347982356945673810e-01
-4.389193534851074108e-01
-4.551976025104522705e-01
-5.197596848011016846e-01
-5.977244675159454346e-01
