9.999999911037843470e-01
9.580426925420760798e-01
9.277140426276316854e-01
9.080455504884623608e-01
8.843527779663880040e-01
8.656204704727444854e-01
8.474010002918732631e-01
8.317227100895852043e-01
8.117251694202423096e-01
7.911529970200111839e-01
7.718835051771233413e-01
7.503270339808966183e-01
7.297029533083476682e-01
6.981481514633336438e-01
6.683982576437812462e-01
6.496996525274489898e-01
6.282657192768277277e-01
6.003329583808131309e-01
5.830617048294166604e-01
5.723921467683145137e-01
5.526667298615307589e-01
5.382303468883037345e-01
5.209849777334895071e-01
5.037726499401870006e-01
4.863936811748702516e-01
4.713516849601133152e-01
4.560864172663007254e-01
4.416490359400431220e-01
4.310795896918098169e-01
4.202226448620041688e-01
4.133594894934206065e-01
4.163053123828242552e-01
4.123153424210097007e-01
4.125982936516049415e-01
4.158905815043135168e-01
4.203418723969574167e-01
4.223207265138625988e-01
4.267093777747416050e-01
4.355470333362649327e-01
4.423019658360216599e-01
4.496664685769851122e-01
4.569532358087599055e-01
4.645145723373634850e-01
4.726549677456481358e-01
4.811764401235398281e-01
4.814108339114449020e-01
4.875769572392587015e-01
4.951933218867747843e-01
5.024952445349661900e-01
5.142155014174548677e-01
5.161102317915057247e-01
5.211093109597761952e-01
5.218341994355588653e-01
5.308467274582063800e-01
5.383908056280239940e-01
5.439804253002552548e-01
5.534569829702377097e-01
5.581844111438840628e-01
5.614037989944844487e-01
5.637261451969683979e-01
5.643899676436228141e-01
5.663997672764318203e-01
5.637814117421349192e-01
5.621097999206488005e-01
5.553102608307869392e-01
5.581904432791120474e-01
5.533182677295472862e-01
5.472857564507024319e-01
5.428963426808665060e-01
5.377678966544794381e-01
5.312283630305119075e-01
5.214196023602898356e-01
5.173898731148982577e-01
5.149339401978068054e-01
5.085795533469342766e-01
5.100655445149020473e-01
5.073781358003616182e-01
5.066074388582380017e-01
5.071447893856017020e-01
5.063322634420922563e-01
5.054732543716499160e-01
5.077689776197076288e-01
5.089782648915502916e-01
5.055905234510615909e-01
5.083834324987270836e-01
5.038640915640982820e-01
5.026201056397479050e-01
5.066461899856987694e-01
5.112695515947004443e-01
5.145619714166969061e-01
5.137453433629628474e-01
5.120870156044309285e-01
5.097586496160664282e-01
5.029176445332942391e-01
5.004324204871587467e-01
4.957288872661455570e-01
4.907541824948219999e-01
4.854760086880280379e-01
4.877283486709432792e-01
4.841430985606184345e-01
4.792151004813685056e-01
4.695686792582273728e-01
4.590378238847761527e-01
4.513476430913623272e-01
4.484554316426060949e-01
4.440085659734904766e-01
4.353938153699824509e-01
4.324212126592372196e-01
4.185035496709808012e-01
4.021575335899125192e-01
3.915443810132833713e-01
3.730517547060218098e-01
3.591380488504185009e-01
3.561968273821879416e-01
3.543207572623230939e-01
3.511126139309517225e-01
3.486335650086402893e-01
3.449283698795452269e-01
3.379590695566800918e-01
3.333427979406423658e-01
3.275973886987309514e-01
3.135000358335673920e-01
3.047963419952724462e-01
3.016098042329152240e-01
2.997643777997801573e-01
3.006529508060530875e-01
3.105929926534493624e-01
3.122343987830587531e-01
3.166350697817867932e-01
3.298212196677923203e-01
3.379907907629516872e-01
3.450345165495361521e-01
3.522554211102534305e-01
3.584802744581419010e-01
3.672544171672258995e-01
3.727875005340937631e-01
3.826596731176742927e-01
3.982889065518975258e-01
4.275092817251644473e-01
4.414276596038572142e-01
4.666369921359859729e-01
4.859209691484769333e-01
4.903177630977105239e-01
4.927950265078708814e-01
5.004869509945836237e-01
5.209409425567302909e-01
5.377198554575443046e-01
5.572185629495868264e-01
5.697150951567685473e-01
5.821999207031555157e-01
5.930983555667540541e-01
5.977425165474414825e-01
6.037841226373400483e-01
6.102781011722981930e-01
5.976727225996077975e-01
5.975824958118407526e-01
6.007272628446419516e-01
6.025335631248626145e-01
5.881532125694807212e-01
5.862739184605223475e-01
5.872015816772856445e-01
5.819526717998086962e-01
5.766096481910119032e-01
5.774218024391877258e-01
5.847619828340169246e-01
5.959640261199738998e-01
5.934440763933318541e-01
6.006875993574366523e-01
6.166902803110353437e-01
6.199593683704733849e-01
6.155102498108341313e-01
6.421752423048019409e-01
6.658860558065874402e-01
6.786328979900905223e-01
6.841470196291252748e-01
6.926187288302642076e-01
7.135817289352417436e-01
7.321721104284127923e-01
7.523897743743398481e-01
7.693623656576330516e-01
7.864257735865456400e-01
7.880645960569381270e-01
7.749555706977844238e-01
7.634000115924410856e-01
7.480526321074542073e-01
6.984615549445152283e-01
6.533101975917816606e-01
6.260629360164914337e-01
6.439446646433609756e-01
6.546122704943021509e-01
6.280152743512933400e-01
6.040964305400848833e-01
5.499418675899505615e-01
4.654661826789379120e-01
3.897481603281838791e-01
3.339681848883628845e-01
2.759317219257354514e-01
2.016044594347476959e-01
8.861468732357025146e-02
2.588223814964294434e-01
