1.000000000000000000e+00
9.560357332229614258e-01
9.306851664380212386e-01
9.074434476970422159e-01
8.884621032603501334e-01
8.713921087280828148e-01
8.588662158984404771e-01
8.342503028124877984e-01
8.109820173966452161e-01
7.844141415941218165e-01
7.635289200469461690e-01
7.455834241289841513e-01
7.308182725436472849e-01
7.093240980534477602e-01
6.824300509085630129e-01
6.583617173375622134e-01
6.315683575095356606e-01
6.045844848470195432e-01
5.814350473241565176e-01
5.601618030200620213e-01
5.330664269132179278e-01
5.130082786497142111e-01
4.952238729046709587e-01
4.760455836782629402e-01
4.549848150019928372e-01
4.460979130711745233e-01
4.242219270340034099e-01
4.068709237008601987e-01
3.860583358331222681e-01
3.681664633846213897e-01
3.573032452654071878e-01
3.474672911031281286e-01
3.333216390445740140e-01
3.174739327459108473e-01
3.066093291875398585e-01
2.901952504124267751e-01
2.807556688108227561e-01
2.738013284553478255e-01
2.673581995275671752e-01
2.588315395247421380e-01
2.384130604426313027e-01
2.200011060107499306e-01
2.019732097550383243e-01
1.966147467352544198e-01
1.866614859147815997e-01
1.750276390797434745e-01
1.619927395255335023e-01
1.468749011552275829e-01
1.369283747207982183e-01
1.367815941890799802e-01
1.333753198927996042e-01
1.377993390833338050e-01
1.414571178689499054e-01
1.425904823668502353e-01
1.440992950379443027e-01
1.480750844699062763e-01
1.534887878866545152e-01
1.555894824365774698e-01
1.577306286125750023e-01
1.625326956871529782e-01
1.619313008396338072e-01
1.678059443681766960e-01
1.720039426255301207e-01
1.738309867248155061e-01
1.809778597994442517e-01
1.827736373935990588e-01
1.907184091707070650e-01
1.941759684887617299e-01
2.010856193763420896e-01
2.091456864904047974e-01
2.188921427738120540e-01
2.312230067614179374e-01
2.352448538696580993e-01
2.473751171201001853e-01
2.645418361548011466e-01
2.754158238096842681e-01
2.894866688251495623e-01
3.143213067519208259e-01
3.260079735087427766e-01
3.385889839884809738e-01
3.496112689868478007e-01
3.654753645493959424e-01
3.819510732080881321e-01
3.946114800538930711e-01
4.078527991460938473e-01
4.214780041305669633e-01
4.403128110844156118e-01
4.526982625717656528e-01
4.753710219422273009e-01
4.978563218776668742e-01
5.106129962783139131e-01
5.245586814358830230e-01
5.396438134372780748e-01
5.510539029276481093e-01
5.563209444005913218e-01
5.557515113702360399e-01
5.578875074074381990e-01
5.611721234252819990e-01
5.656402351931461014e-01
5.703882466198182399e-01
5.726452823175062212e-01
5.709907278418541177e-01
5.747876303515049301e-01
5.641569457187944892e-01
5.637600978010708364e-01
5.623612299095839262e-01
5.460667768591328519e-01
5.376883192146395540e-01
5.341599185860925747e-01
5.193360932171344757e-01
5.084009933602678943e-01
5.013763493961758133e-01
4.896054852209734132e-01
4.889261096885258451e-01
4.821650534654143283e-01
4.751408305452313741e-01
4.716876032597878132e-01
4.532612999901175499e-01
4.376555562737476368e-01
4.125179702007188975e-01
3.967167140433081607e-01
3.761499227955937275e-01
3.501263864904264889e-01
3.277931853364675630e-01
3.099225160587191774e-01
2.877669249612249680e-01
2.741206543147564068e-01
2.612261764101079797e-01
2.402122426931172228e-01
2.231641182055076056e-01
2.083817133811158295e-01
1.848145829779761218e-01
1.703463127647621145e-01
1.584941665915881870e-01
1.374154361103897548e-01
1.095324206081303708e-01
8.606967467528123250e-02
5.946108652278780937e-02
4.211816617420741787e-02
2.865573980154529840e-02
9.187659584596509152e-03
-7.249748582641283613e-03
-1.839305763527498278e-02
-2.682945003797268177e-02
-4.265167263516208424e-02
-5.389961560389825573e-02
-8.194511451504447874e-02
-1.029423985768247590e-01
-1.136664785620457724e-01
-1.294932686365567742e-01
-1.372550285476095422e-01
-1.549985263124108448e-01
-1.706165079863704026e-01
-1.925865200658639365e-01
-2.114764950535398813e-01
-2.199446758174377903e-01
-2.458908203575346230e-01
-2.623511088842695460e-01
-2.823545176340916951e-01
-2.950286389372888118e-01
-3.253997909586603954e-01
-3.453561943024396896e-01
-3.581784743911180513e-01
-3.532134596454469810e-01
-3.470360324592203782e-01
-3.427286090122328988e-01
-3.409319358212607454e-01
-3.342316992142621013e-01
-3.239980536428364588e-01
-3.087589982897043228e-01
-2.710072878868349244e-01
-2.432869168619314904e-01
-2.221837377753750897e-01
-2.164202537387609482e-01
-2.059666554409044781e-01
-1.724059169109050937e-01
-1.510723531246185303e-01
-1.230441356698672023e-01
-8.179893611889818561e-02
-4.628761383620175196e-02
-4.058572508039928360e-04
3.814072236418723783e-02
9.232273188076521586e-02
1.452053570085101719e-01
1.843072526595171678e-01
2.065311660990118980e-01
2.641989996035893906e-01
3.267017272966248886e-01
3.669663025782658461e-01
4.166561874250571118e-01
4.664756093512881785e-01
4.819521933794021495e-01
4.842865897549523124e-01
5.180514194071292877e-01
5.558915904590061574e-01
5.546625405550003052e-01
5.909115016460418923e-01
6.408373564481735229e-01
6.475928028424581262e-01
5.237188637256622314e-01
