3.954689502716064453e-01 8.195590376853942871e-01 4.146411120891571045e-01
5.381931364536285400e-02 7.846529483795166016e-01 6.175946593284606934e-01
-7.890835404396057129e-02 7.463771104812622070e-01 6.608287692070007324e-01
2.276605665683746338e-01 8.827460408210754395e-01 4.110111296176910400e-01
1.211177930235862732e-01 9.013965129852294922e-01 4.157100319862365723e-01
1.468396782875061035e-01 9.650081992149353027e-01 2.172494083642959595e-01
2.558855116367340088e-01 8.873076438903808594e-01 3.836767077445983887e-01
1.680238395929336548e-01 9.691901803016662598e-01 1.801065653562545776e-01
4.276822134852409363e-02 9.772450327873229980e-01 -2.077570110559463501e-01
-2.641090154647827148e-01 9.601643681526184082e-01 9.127257764339447021e-02
1.076078116893768311e-01 9.941334128379821777e-01 -1.092057581990957260e-02
1.234406158328056335e-01 9.061298966407775879e-01 -4.045874476432800293e-01
2.458255141973495483e-01 8.907689452171325684e-01 -3.822309970855712891e-01
1.921715140342712402e-01 8.350236415863037109e-01 -5.155634284019470215e-01
6.084371209144592285e-01 5.027886033058166504e-01 -6.140097379684448242e-01
7.142323851585388184e-01 3.076282441616058350e-01 -6.286787390708923340e-01
6.506884694099426270e-01 5.388125181198120117e-01 -5.350566506385803223e-01
3.959320187568664551e-01 3.515029251575469971e-01 -8.483416438102722168e-01
6.096950173377990723e-01 2.229833751916885376e-01 -7.606250047683715820e-01
4.995593428611755371e-01 4.151496887207031250e-01 -7.603230476379394531e-01
2.540765404701232910e-01 2.576337158679962158e-01 -9.322392344474792480e-01
1.294034570455551147e-01 3.240238428115844727e-01 -9.371570348739624023e-01
1.391988545656204224e-01 3.198525607585906982e-01 -9.371861815452575684e-01
1.219893693923950195e-01 1.214140877127647400e-01 -9.850772023200988770e-01
8.350162953138351440e-02 2.576911747455596924e-01 -9.626124501228332520e-01
1.168719083070755005e-01 3.811328411102294922e-01 -9.171034097671508789e-01
4.867742061614990234e-01 1.449781209230422974e-01 -8.614128828048706055e-01
5.644694566726684570e-01 8.401514589786529541e-02 -8.211671710014343262e-01
4.861099421977996826e-01 -8.071105927228927612e-02 -8.701625466346740723e-01
2.291085422039031982e-01 -2.480514645576477051e-01 -9.412650465965270996e-01
2.125076651573181152e-01 -2.717630565166473389e-01 -9.386082291603088379e-01
3.777592480182647705e-01 2.482030391693115234e-01 -8.920164108276367188e-01
4.061275124549865723e-01 5.086825489997863770e-01 -7.591459155082702637e-01
1.918696612119674683e-01 4.066430926322937012e-01 -8.932119011878967285e-01
-2.025198042392730713e-01 6.225507259368896484e-01 -7.559208273887634277e-01
-1.844026446342468262e-01 7.639805078506469727e-01 -6.183279156684875488e-01
-6.262795925140380859e-01 5.745043158531188965e-01 -5.269902348518371582e-01
-3.513574302196502686e-01 7.085361480712890625e-01 -6.119840145111083984e-01
-2.814316451549530029e-01 8.537920117378234863e-01 -4.379902482032775879e-01
-2.192156761884689331e-01 9.709143638610839844e-01 -9.627967327833175659e-02
-1.142678111791610718e-01 9.537950754165649414e-01 -2.778807580471038818e-01
-1.538475900888442993e-01 9.714602231979370117e-01 -1.805437356233596802e-01
-5.751633644104003906e-01 8.146586418151855469e-01 -7.428607344627380371e-02
-5.953642129898071289e-01 7.978411912918090820e-01 -9.482014924287796021e-02
-4.912611842155456543e-01 8.258432149887084961e-01 -2.768490612506866455e-01
-3.759109973907470703e-01 9.150121212005615234e-01 1.464370787143707275e-01
-4.189326763153076172e-01 8.822693228721618652e-01 -2.147004008293151855e-01
-5.385559797286987305e-01 8.248450756072998047e-01 -1.720121055841445923e-01
-5.265369415283203125e-01 8.126854300498962402e-01 -2.496021538972854614e-01
-3.066488504409790039e-01 8.860868215560913086e-01 -3.475867807865142822e-01
-3.457980155944824219e-01 9.380338191986083984e-01 2.272198908030986786e-02
-3.254311084747314453e-01 9.173955321311950684e-01 -2.290850728750228882e-01
-3.120433986186981201e-01 9.487926959991455078e-01 -4.920745640993118286e-02
-5.210776329040527344e-01 8.532453179359436035e-01 -2.122228965163230896e-02
-5.577791929244995117e-01 8.247295022010803223e-01 -9.329319000244140625e-02
-6.734814047813415527e-01 7.389038801193237305e-01 -2.106685750186443329e-02
-7.574790120124816895e-01 6.509389877319335938e-01 5.003975704312324524e-02
-5.429564118385314941e-01 8.362051248550415039e-01 -7.719629257917404175e-02
-7.423510551452636719e-01 6.645619273185729980e-01 8.527767658233642578e-02
-7.060064077377319336e-01 7.045750021934509277e-01 7.161785662174224854e-02
-8.215808868408203125e-01 5.196340084075927734e-01 -2.344895899295806885e-01
-9.266442060470581055e-01 3.740710318088531494e-01 -3.743384778499603271e-02
-8.247190117835998535e-01 5.395212173461914062e-01 1.695743203163146973e-01
-9.889902472496032715e-01 1.401930749416351318e-01 -4.737309738993644714e-02
-5.576798319816589355e-01 8.229043483734130859e-01 1.087271943688392639e-01
-4.686439633369445801e-01 8.833867311477661133e-01 -8.173144306056201458e-04
-8.118896484375000000e-01 5.819213390350341797e-01 -4.693361744284629822e-02
-8.681433796882629395e-01 4.864821732044219971e-01 -9.829702228307723999e-02
-8.314267396926879883e-01 5.555859208106994629e-01 -7.335555739700794220e-03
-9.899677038192749023e-01 7.648694515228271484e-02 1.188010573387145996e-01
-7.939408421516418457e-01 3.755750954151153564e-01 4.781226813793182373e-01
-8.146206736564636230e-01 3.530722856521606445e-01 4.601447284221649170e-01
-8.880857825279235840e-01 3.130805194377899170e-01 3.365773558616638184e-01
-9.439615011215209961e-01 3.284593224525451660e-01 3.242212161421775818e-02
-9.525419473648071289e-01 3.016341030597686768e-01 -4.099511355161666870e-02
-8.335620164871215820e-01 5.433653593063354492e-01 9.964188188314437866e-02
-9.127756953239440918e-01 3.169524073600769043e-01 2.576465010643005371e-01
-8.292568922042846680e-01 4.592596888542175293e-01 3.184549212455749512e-01
-7.507396340370178223e-01 5.812664031982421875e-01 3.138779997825622559e-01
-8.643319010734558105e-01 4.252065122127532959e-01 2.685698568820953369e-01
-8.637944459915161133e-01 9.687644243240356445e-02 4.944431781768798828e-01
-8.931525349617004395e-01 3.505022525787353516e-01 2.818275690078735352e-01
-9.008664488792419434e-01 -3.265077620744705200e-02 4.328666031360626221e-01
-9.493873715400695801e-01 -3.941161558032035828e-02 3.116252720355987549e-01
-9.555933475494384766e-01 -1.648665517568588257e-01 2.442548424005508423e-01
-9.730596542358398438e-01 2.024030536413192749e-01 1.103987619280815125e-01
-9.589115977287292480e-01 2.724635303020477295e-01 7.907050102949142456e-02
-8.946344256401062012e-01 4.121940732002258301e-01 -1.724102944135665894e-01
-8.810903429985046387e-01 3.937246501445770264e-01 -2.620317637920379639e-01
-7.178303003311157227e-01 6.625271439552307129e-01 -2.139563858509063721e-01
-7.670689821243286133e-01 6.390570402145385742e-01 -5.666811019182205200e-02
-8.570194244384765625e-01 4.425231516361236572e-01 -2.639904320240020752e-01
-6.980128884315490723e-01 6.544426679611206055e-01 -2.906591594219207764e-01
-4.577328562736511230e-01 8.837386965751647949e-01 -9.739949554204940796e-02
-5.618032217025756836e-01 8.034950494766235352e-01 1.969081312417984009e-01
-7.249547243118286133e-01 5.971547961235046387e-01 3.432881832122802734e-01
-6.637161970138549805e-01 6.639710664749145508e-01 3.444173336029052734e-01
-7.295598387718200684e-01 6.806468963623046875e-01 6.679970771074295044e-02
-5.392492413520812988e-01 8.410563468933105469e-01 4.283077269792556763e-02
-2.294058203697204590e-01 9.119092226028442383e-01 -3.402860462665557861e-01
-6.791979670524597168e-01 7.308917045593261719e-01 -6.698817759752273560e-02
-5.355964899063110352e-01 8.255076408386230469e-01 -1.779704838991165161e-01
-4.564961791038513184e-01 8.723414540290832520e-01 -1.750192493200302124e-01
-6.236770749092102051e-01 7.620714306831359863e-01 -1.739943325519561768e-01
6.954801827669143677e-02 9.412704110145568848e-01 -3.304135501384735107e-01
-3.225580789148807526e-03 8.362787365913391113e-01 -5.482950210571289062e-01
8.918222784996032715e-02 9.161301851272583008e-01 -3.908350765705108643e-01
-5.615637078881263733e-02 8.399717211723327637e-01 -5.397166013717651367e-01
1.338911652565002441e-01 9.638789892196655273e-01 -2.302399128675460815e-01
1.511573642492294312e-01 9.270206093788146973e-01 -3.431970477104187012e-01
5.723422765731811523e-02 8.258994221687316895e-01 -5.609049201011657715e-01
3.089856505393981934e-01 8.396646976470947266e-01 -4.466442465782165527e-01
8.152005821466445923e-02 4.647904932498931885e-01 -8.816599845886230469e-01
7.342850416898727417e-02 6.715055108070373535e-01 -7.373524308204650879e-01
-4.224617406725883484e-02 5.158224701881408691e-01 -8.556532263755798340e-01
-1.285173892974853516e-01 5.405918359756469727e-01 -8.314106464385986328e-01
-8.808648586273193359e-02 7.961397171020507812e-01 -5.986670851707458496e-01
-1.911203712224960327e-01 5.289565920829772949e-01 -8.268482089042663574e-01
-3.237648308277130127e-01 4.434876143932342529e-01 -8.357602357864379883e-01
-4.270214587450027466e-02 2.812800407409667969e-01 -9.586751461029052734e-01
-2.941335551440715790e-02 1.555870771408081055e-01 -9.873841404914855957e-01
-2.151983082294464111e-01 1.295578032732009888e-01 -9.679382443428039551e-01
-2.802300155162811279e-01 -1.015462279319763184e-01 -9.545466899871826172e-01
-3.839625716209411621e-01 1.261799130588769913e-02 -9.232624173164367676e-01
-2.643203437328338623e-01 1.753349155187606812e-01 -9.483630657196044922e-01
-5.163293480873107910e-01 9.829029440879821777e-02 -8.507308363914489746e-01
-5.403390526771545410e-01 1.029970869421958923e-01 -8.351199030876159668e-01
-5.709576010704040527e-01 9.223502874374389648e-02 -8.157819509506225586e-01
-5.029059052467346191e-01 -3.222075402736663818e-01 -8.020398616790771484e-01
-6.719150543212890625e-01 -2.090483009815216064e-01 -7.105131745338439941e-01
-6.647800803184509277e-01 -9.702891111373901367e-02 -7.407109737396240234e-01
-5.458426475524902344e-01 -1.915580183267593384e-01 -8.156968355178833008e-01
-3.855634033679962158e-01 -2.269969880580902100e-02 -9.224020838737487793e-01
-4.729477465152740479e-01 -1.208142340183258057e-01 -8.727682232856750488e-01
-4.629517793655395508e-01 -9.866444021463394165e-02 -8.808751702308654785e-01
-3.961725234985351562e-01 -2.551110088825225830e-01 -8.820236921310424805e-01
-4.854186773300170898e-01 -3.062448799610137939e-01 -8.188912272453308105e-01
-3.059310019016265869e-01 -5.181053876876831055e-01 -7.987322211265563965e-01
-4.730647206306457520e-01 -4.346880018711090088e-01 -7.663264274597167969e-01
-5.841972827911376953e-01 -4.752967357635498047e-01 -6.578803062438964844e-01
-4.428447186946868896e-01 -5.531226396560668945e-01 -7.056513428688049316e-01
-4.839654862880706787e-01 -6.612120270729064941e-01 -5.732156038284301758e-01
-3.348719775676727295e-01 -6.431483030319213867e-01 -6.886371374130249023e-01
