t B
0.0 -2.0450912950048607e-05 -1.132926137420266e-06 7.36302435583293e-06
1.0 -1.8956448111619767e-05 6.024517534568341e-06 6.036412598361169e-06
2.0 -1.8727123500655736e-05 1.7066708737571244e-06 2.408445544622508e-06
3.0 -1.1678874734505494e-05 3.5413546798422194e-07 -6.483425273413627e-06
4.0 -1.8123382677056258e-05 3.021293824934813e-06 -5.398557309461995e-06
5.0 -1.2132054901542116e-05 1.0146453352147127e-06 -6.04624257370327e-06
6.0 -1.1622633153850973e-05 4.5138900077430283e-07 -8.376143775409102e-06
7.0 -1.1563297682714901e-05 -7.676595195956074e-07 -1.5079316668490796e-05
8.0 -1.4733936257211263e-05 -7.97249164496485e-06 -7.663729902500175e-06
9.0 -1.3797638398410113e-05 -7.474855942795178e-06 -1.8548359128400296e-05
10.0 -1.2013997466932027e-05 -3.510066158843522e-06 -9.41235763072888e-06
11.0 -1.0257971608386356e-05 -4.903023808074832e-06 -1.6497518027888467e-05
12.0 -9.640735644245089e-06 -1.4184889643665055e-06 -2.2747476026437345e-05
13.0 -1.418562910961605e-05 5.855619820835026e-06 -1.404750950395898e-05
14.0 -1.9193024779357877e-05 1.0022911276835606e-05 -1.8795268444295447e-05
15.0 -1.593750102863641e-05 -1.8839233103069037e-06 -1.0107193289015915e-05
16.0 -1.0637795157999652e-05 -8.765537136209573e-06 -5.1509683257787575e-06
17.0 -1.012017945860292e-05 3.589295314822059e-06 -6.8513658809743395e-06
18.0 -1.1184719887667456e-05 1.022140985597046e-05 -1.5469006787669517e-05
19.0 -1.2146087479744902e-05 2.1077901680734296e-06 -8.848139186836197e-06
20.0 -9.841983998731715e-06 5.250358506078067e-06 -1.4445994964136174e-05
21.0 -9.26533377723664e-06 1.0613592299074873e-06 -1.3446158665494076e-05
22.0 -5.463319418730587e-06 6.558316579435361e-06 -7.477476872279758e-06
23.0 -8.169390051268274e-06 1.2254900454414633e-05 -1.1429297665828039e-05
24.0 -5.196722164624736e-06 8.777164264392388e-06 1.2795279767944187e-06
25.0 -1.1552303021467977e-05 2.7656176539747217e-06 6.039334956630887e-06
26.0 -9.486266494305319e-06 4.6433545792693285e-06 -9.817059916583515e-06
27.0 -1.1090455062805896e-05 7.46466837085435e-06 -2.1411992407670725e-07
28.0 -1.042262193858365e-05 1.3183851163747305e-06 1.821418533454402e-06
29.0 -1.1328533745102666e-05 5.2625801162041465e-06 -3.191428225813958e-06
30.0 -1.0018920936215482e-05 9.09078446535409e-08 2.849822363599525e-06
31.0 -1.1788750738138493e-05 -1.595103974002295e-06 8.89314251900535e-07
32.0 -9.928185654034555e-06 -6.607127216353477e-07 1.1657296774658079e-06
33.0 -1.1545984980191252e-05 3.6386254748618205e-06 -9.84638209899261e-06
34.0 -1.4363159453251858e-05 1.0376620751729815e-06 -2.539240513305179e-06
35.0 -9.40424918975536e-06 -5.816761649665097e-07 -2.0900838780722806e-06
36.0 -9.216157751971989e-06 4.4814757917235315e-06 7.552257909215133e-07
37.0 -8.756599254311933e-06 -1.5220490261928158e-06 -1.0633511279822981e-05
38.0 -1.2036895786111103e-05 -2.1906724980537265e-06 -7.856022566843426e-06
39.0 -1.0383763849484165e-05 3.7369824807446025e-06 -1.1170620808308738e-05
40.0 -1.1168083113319118e-05 1.6100522147551146e-06 -1.0535347633508534e-05
41.0 -1.5750232428591947e-05 5.7870163928815495e-06 -4.872460293275479e-06
42.0 -1.3492414893900386e-05 -3.8631141375619185e-06 -1.1013283527306013e-05
43.0 -1.6367793587358033e-05 2.513294088750584e-06 1.1941308778356048e-06
44.0 -1.5111940382699888e-05 -1.786734335018638e-06 -4.996736324880606e-06
45.0 -1.205444611652529e-05 -4.654151478779966e-06 -1.1182771436569351e-05
46.0 -1.5872314607182184e-05 -6.58375303774839e-06 -8.605559280457573e-07
47.0 -1.0725359124316957e-05 -6.123896595017709e-06 -9.131481482354025e-06
48.0 -1.1054687888349179e-05 -6.9378031474536255e-06 3.834194139234899e-06
49.0 -1.4172358237791051e-05 -3.6040295372839835e-06 2.4662352270962244e-06
50.0 -1.7454299916329547e-05 -1.0776904347826467e-06 3.484750832700394e-06
51.0 -8.172558919714045e-06 -1.1328532525891528e-05 5.2292670202202195e-06
52.0 -6.449772571549394e-06 -5.0653827324133795e-06 7.722146629270732e-07
53.0 -8.729856401690487e-06 -9.548246574429175e-06 5.5119526263414074e-06
54.0 -1.1595230775201025e-05 -4.750762768738749e-06 4.845974076145994e-06
55.0 -1.1695577829144552e-05 -5.554771124753569e-06 7.992756904738841e-06
56.0 -1.2868853083319896e-05 -9.468251680572115e-06 8.16534535095325e-06
57.0 -9.875026523827281e-06 -8.438742856423601e-06 1.995689596428656e-06
58.0 -1.4369137316025855e-05 -7.912711995029393e-06 9.071022040510372e-06
59.0 -8.345458441715912e-06 -9.20158954167391e-06 1.1775542582632112e-05
60.0 -1.164627786647398e-05 -9.455137976022218e-06 6.5324619455845595e-06
61.0 -1.2129359634220579e-05 -3.042579805785903e-06 3.3838075012362948e-06
62.0 -1.3108095843423855e-05 7.867969200733821e-07 -6.1221199592988005e-06
63.0 -1.0785630507105662e-05 -2.309465339731623e-06 2.949284697685817e-06
64.0 -1.0917053820012461e-05 -2.406789737788584e-06 1.2893967518381426e-05
65.0 -8.50790509620188e-06 -1.4703320637952874e-06 1.0382019738652834e-05
66.0 -6.1397674578548e-06 2.7018514787097262e-06 5.869975453150346e-06
67.0 -3.151827955461595e-06 3.843298858406139e-06 -4.100873267060233e-06
68.0 -5.433756206769301e-07 1.4680678816130145e-06 -3.0944375592957466e-06
69.0 -1.4717711485388906e-06 3.241874590683438e-06 -4.430919785645178e-06
70.0 -2.193683498738849e-06 5.506255830743971e-06 -7.2080674097353876e-06
71.0 1.0822160028224557e-06 5.917654936942232e-06 -2.8098707551265466e-06
72.0 2.1541097475292704e-06 6.866383366667754e-06 -9.609526756021171e-06
73.0 -8.446836747186565e-07 3.157490879586241e-06 -1.3111199714941725e-05
74.0 8.736974031140565e-07 -2.627726894882593e-06 -1.349789946079521e-06
75.0 -1.8043040152835135e-06 -7.023829290760911e-07 3.5434817792610332e-06
76.0 2.502732300732474e-06 -6.324607021088491e-06 7.612603770784812e-06
77.0 4.8456398511221045e-06 -1.6601787821104676e-07 1.4965127442643471e-05
78.0 4.92807776758656e-06 -4.424918815125914e-06 3.639981926608797e-06
79.0 3.146174650867546e-06 -5.270437383381444e-06 5.528417074627941e-06
80.0 -1.2190744296522622e-06 -3.5162482613132844e-06 2.6070651598199143e-06
81.0 2.419861457516748e-06 3.921898804179e-06 2.980054856632273e-06
82.0 -1.9897310755914432e-06 -4.001366240819866e-06 3.747022255637504e-06
83.0 -3.310500019537606e-06 -1.261113601526188e-06 -6.456312697650806e-06
84.0 4.2023142277121256e-07 -2.9350039688267586e-07 -6.556424488884653e-06
85.0 -1.5747741068589169e-06 3.6231144094978747e-06 -1.2218569128087733e-05
86.0 -3.988938358223664e-09 -2.7230141718309117e-06 -1.4691269102028657e-05
87.0 1.3899602191807844e-06 1.3887305167671117e-06 3.679997293280949e-07
88.0 -1.6133494376812338e-06 3.0592801307814262e-06 2.643575900768421e-06
89.0 1.5500351049359808e-06 3.380290759256061e-06 -8.459513892656007e-06
90.0 -1.673118002706865e-06 6.1851968359534975e-06 -8.633225360444104e-06
91.0 -2.9798462763140273e-06 4.102725271494571e-06 -8.250336916674014e-06
92.0 -1.7737083608557702e-06 5.193592684855994e-06 -4.696468236654964e-06
93.0 -2.8081702916652124e-07 7.1933421235609194e-06 -9.507689319515455e-06
94.0 4.072052917606388e-06 1.3728499897132462e-05 -8.749152312675358e-06
95.0 2.528370388191454e-06 4.740466780327072e-06 -1.939576994739784e-05
96.0 6.2381070242510315e-06 8.004113479022537e-06 -1.0933562753146724e-05
97.0 4.974735615133194e-06 6.202328864484494e-06 -1.5282518671891668e-05
98.0 6.344920489845198e-06 7.953786358426572e-06 -1.1703199310336676e-05
99.0 8.035438780358181e-06 1.632529620495163e-06 -2.3808391937696924e-06
100.0 1.0099159767790895e-05 3.406038671490633e-06 2.9941500423954923e-07
101.0 8.112616091367787e-06 7.5678783122030966e-06 -1.4309889560436918e-05
102.0 1.0364262754802136e-05 7.370768370328135e-06 -7.610264375998929e-06
103.0 1.0112228689690925e-05 1.111590864351062e-05 -1.6770776838052185e-05
104.0 1.141730425955663e-05 1.3687026260732144e-05 -1.6555885630351227e-05
105.0 6.590617274115719e-06 5.4169310297282e-06 -1.2167034198087074e-05
106.0 -1.0879557569037033e-06 6.039587919157154e-06 -1.4775524215335249e-05
107.0 -2.2980613158464633e-06 6.034138685129837e-06 -6.916211522983114e-06
108.0 5.622961417979806e-07 1.646750534939404e-06 -1.3522605578542172e-05
109.0 -1.9401468840862822e-07 1.2656869398445373e-05 -5.052790429357912e-06
110.0 3.3203191944639603e-06 1.5071764602840655e-05 -6.877214649806129e-06
111.0 2.9287122959918267e-06 1.4257445362278687e-05 -1.7878515669695452e-05
112.0 1.6380174330511884e-06 2.0186194937285524e-05 -1.9985264825272493e-05
113.0 -1.0447555656596839e-06 1.7005920788319375e-05 -2.2186335081938044e-05
114.0 -2.339018270305445e-06 1.7782164912191914e-05 -9.714263797574698e-06
115.0 -9.225491784188303e-08 1.6589892148282425e-05 -1.5211044422409457e-05
116.0 -2.3059166073194106e-06 1.7578853629193895e-05 -7.6149583766282136e-06
117.0 1.8929366761974885e-06 1.6622707023754333e-05 -9.816567582605978e-07
118.0 3.3312500988668986e-06 1.3939100156428495e-05 -7.870342821542686e-06
119.0 1.2884634913322415e-06 1.8842568897603305e-05 -6.856687986884984e-06
120.0 4.107916017750478e-06 1.2453474511521492e-05 -6.278232396710801e-06
121.0 2.14894544567655e-06 2.095847078806648e-05 -1.1356570434632926e-05
122.0 3.265798282677798e-06 1.7494361903964566e-05 -7.037900503990058e-06
123.0 7.10482781806428e-07 2.0350827438933885e-05 -1.6432980621651265e-05
124.0 2.7899963545491536e-06 1.5511733027435864e-05 -1.2089044392134436e-05
125.0 3.5452659822778296e-06 1.857143819396997e-05 -1.818336059732654e-05
126.0 4.2527318616666524e-06 1.8018460958748195e-05 -2.4729474073745505e-06
127.0 1.353190690867004e-06 1.4161751165765073e-05 -3.994482879303435e-06
128.0 -5.869824550628052e-07 5.407336103074786e-06 -1.1429641216089515e-05
129.0 -4.106964421595436e-06 7.66395722181492e-06 -9.002382353060549e-06
130.0 -2.2109411649682112e-07 3.91671683309866e-06 -1.706994238939181e-05
131.0 -1.1562951892774163e-06 4.442774713496675e-06 -1.0475647929523713e-05
132.0 -1.6909549417982294e-06 1.0436032213572641e-05 -1.4220994364634372e-05
133.0 -3.7318493826185418e-06 9.698304163446162e-06 -1.4090195072256031e-05
134.0 -1.2930359870832398e-06 1.1153788584625268e-05 -1.8237647098696033e-05
135.0 -4.613108995552668e-06 1.1041811596112422e-05 -2.0821163521974047e-05
136.0 -5.61076870788014e-06 9.025168189298334e-06 -2.2823560240498898e-05
137.0 -4.0780408031617745e-06 1.704553337226792e-05 -2.9130528629777377e-05
138.0 -6.915186848295835e-06 7.87451675816504e-06 -2.4761043696787764e-05
139.0 -6.30455577711515e-06 5.652282282084273e-06 -2.3599228668073364e-05
140.0 -2.150310278980121e-06 9.297149456452725e-06 -3.377717166674157e-05
141.0 -4.313711141988984e-06 1.2068813397624146e-05 -2.7694467475664078e-05
142.0 -1.1402533471441584e-06 1.3976744929100814e-05 -3.842357777187503e-05
143.0 -4.59236288496112e-07 8.225510721240567e-06 -3.4251135398966664e-05
144.0 -8.306431841646955e-07 1.0082327304853125e-05 -2.9177863365700494e-05
145.0 -4.039985245525071e-06 1.5300900729247993e-05 -3.262113905165328e-05
146.0 -2.4274238296021864e-06 5.567190997391651e-06 -3.4963039456354054e-05
147.0 -4.112001783192495e-06 9.97941305049407e-06 -3.815638711717734e-05
148.0 -1.2324159759048909e-06 1.161738964560478e-05 -4.2161100175412675e-05
149.0 -1.342018059087213e-06 6.59519288019517e-07 -3.935141889489802e-05
150.0 -5.715839986487014e-07 8.009205928736266e-06 -4.28859357972654e-05
151.0 -4.445364175226387e-06 1.0505630530112922e-05 -4.69819572719174e-05
152.0 -1.5064891491524397e-06 1.5885271114029987e-06 -4.1236765726959246e-05
153.0 -6.68058156256389e-07 3.899142438832821e-06 -4.0302029271977916e-05
154.0 -2.3588151851967536e-06 3.113927414907997e-06 -4.9597056500917104e-05
155.0 1.5430716828355549e-06 7.641100401370587e-07 -4.5363451689944093e-05
156.0 2.1002311294075956e-06 1.1405985201177063e-06 -5.0249433231843804e-05
157.0 -2.2021671873695763e-07 1.945825871158006e-06 -5.049398395784891e-05
158.0 5.394344853686533e-06 1.3622868110001817e-06 -4.291048673373238e-05
159.0 -3.7117373515797223e-07 -2.8561298756748884e-06 -4.946464054335728e-05
160.0 -1.3140277859999058e-06 -2.5416689421487288e-06 -4.3289086536259066e-05
161.0 4.906415382838038e-07 2.1457066366676834e-06 -4.435803208830098e-05
162.0 -1.8725839348899481e-06 1.570539320428999e-06 -3.265786809591289e-05
163.0 -8.624161891976745e-06 3.4086263049902476e-07 -4.753628214035181e-05
164.0 -3.012807263654657e-06 -4.730583746276596e-06 -4.873973511976307e-05
165.0 -8.890412245497656e-07 5.715682770556411e-07 -4.633997811821379e-05
166.0 4.539713449964729e-07 1.0016155466426874e-06 -4.5791184525367536e-05
167.0 5.33377427158799e-06 -2.6125665525231597e-06 -4.486981140053876e-05
168.0 1.49122604164487e-06 1.068824681941935e-06 -4.619488740541804e-05
169.0 -2.5215719617283765e-07 -4.763461993529595e-06 -3.788609799319527e-05
170.0 -2.1178192831322697e-08 -4.248750636129542e-06 -5.019230605135203e-05
171.0 1.6974062155505056e-06 -7.556627070366294e-06 -4.781876134632507e-05
172.0 5.8750079417353504e-08 -2.2765521436941173e-06 -5.474731778667219e-05
173.0 4.224136646436707e-07 -1.5951461394908562e-06 -5.42372527722799e-05
174.0 2.0873353418483514e-06 -2.231966359550897e-06 -5.506574634577928e-05
175.0 -2.2082476030059715e-06 -1.1912215947866843e-06 -4.942797755144706e-05
176.0 -3.573919659269635e-06 -1.7430090071544664e-07 -5.369649576267402e-05
177.0 -3.573294383468013e-07 -1.0395311906804483e-06 -4.7206083580683324e-05
178.0 2.1734751245049617e-06 -4.13440985935416e-06 -4.767396281001306e-05
179.0 4.2326872170429825e-06 -1.0547931394133494e-06 -5.111907770916944e-05
180.0 -5.759783216407028e-08 -3.172323209186746e-06 -4.5186500175827525e-05
181.0 -3.087240636328697e-06 9.75792337631214e-07 -5.205851420708935e-05
182.0 -5.0013696475990266e-06 -2.3516456586547568e-06 -4.2917883317069346e-05
183.0 1.1463598374386257e-06 1.19271492647648e-06 -4.6779025307318314e-05
184.0 2.7235209846691583e-06 1.0015637206845817e-06 -4.975387199649168e-05
185.0 2.5482120631930255e-06 -2.471952790073822e-06 -3.9352783764653356e-05
186.0 2.5020695507111054e-06 -6.157343636158236e-07 -3.9161685479270385e-05
187.0 2.91034846371094e-06 -2.6749394313513522e-06 -4.4616993700610696e-05
188.0 1.3970534247021117e-06 1.3791325166968134e-06 -4.863257404204823e-05
189.0 -2.4274724784188662e-06 -3.93076749596909e-06 -4.256377290238219e-05
190.0 -3.6643836183084984e-06 2.1082659464449025e-06 -3.758517749305517e-05
191.0 -3.3784582882385594e-06 -4.008483623322624e-06 -4.320128978103361e-05
192.0 -6.592586740360871e-06 2.8344622613651956e-08 -3.911799107711171e-05
193.0 -2.5058436913141383e-06 -4.966401513440309e-07 -3.971206820435408e-05
194.0 -7.959147544950339e-06 6.613003471405359e-07 -3.6696730232157656e-05
195.0 -8.370894969824944e-06 4.07382591758971e-06 -3.6317324911183676e-05
196.0 -1.0662873876334531e-05 6.869751606624959e-06 -4.1922205128547275e-05
197.0 -9.111014067586292e-06 9.259376819202311e-07 -3.466263246251854e-05
198.0 -1.3353640648071759e-05 5.538451738923074e-06 -4.151702570512054e-05
199.0 -8.828888170412405e-06 3.730262666883993e-06 -3.6094131744523884e-05
200.0 -1.1036850749975488e-05 7.060595829003854e-06 -4.536439607351764e-05
201.0 -8.99258505395449e-06 9.548733741708533e-06 -4.467259423018481e-05
202.0 -7.303546502702953e-06 9.183750779273478e-06 -4.735395024175267e-05
203.0 -1.2921350420322722e-05 6.591335129494597e-06 -4.804254110013401e-05
204.0 -1.2630082535969271e-05 4.988130556943585e-06 -4.480253261583211e-05
205.0 -4.03204466966508e-06 1.0338512911827973e-05 -4.9783881487662995e-05
206.0 -7.905791490881192e-06 1.2124646859126621e-05 -4.506609434883022e-05
207.0 -8.109244572034181e-06 2.6253733654528515e-06 -4.375762197852035e-05
208.0 -5.161791900786604e-06 4.081818459398894e-06 -4.7379317492570186e-05
209.0 -6.941346762056423e-06 8.378523211427266e-06 -4.469305844054941e-05
210.0 -6.361982321213142e-06 6.198821703926022e-06 -4.258658338490991e-05
211.0 -1.0042233279550031e-05 4.848227920890744e-06 -3.747060921690997e-05
212.0 -6.760569359339724e-06 6.0493898988002035e-06 -4.0019411500407524e-05
213.0 -1.0745932966222972e-05 1.8048925346305183e-05 -4.1072618511425794e-05
214.0 -8.170199522800242e-06 1.7383264849542284e-05 -4.283533468475452e-05
215.0 -7.0518903794536405e-06 1.3652353627985683e-05 -5.225787460269843e-05
216.0 -8.397450650287904e-06 1.2012581821633142e-05 -4.710773751487421e-05
217.0 -6.102064047800934e-06 1.669077093856943e-05 -4.9192408988261565e-05
218.0 -1.15838656594123e-05 9.99054758383907e-06 -4.2990346084750213e-05
219.0 -8.447646144038452e-06 1.679825620511481e-05 -4.3581973461712506e-05
220.0 -4.601127895773541e-06 9.308051852641333e-06 -4.310176060977167e-05
221.0 -3.588596925813877e-06 4.35825096685085e-06 -4.279986375611912e-05
222.0 -2.2650885341754356e-06 4.374283387062447e-06 -3.9634151532511325e-05
223.0 -2.7249614855182814e-06 9.216597425018152e-06 -4.340114765714038e-05
224.0 -3.2014706955376604e-06 1.1047250917813917e-05 -5.463608635973932e-05
225.0 -3.0562200704617514e-06 1.0810775895313927e-05 -5.0290188076719056e-05
226.0 -7.339693731471922e-06 5.820497763049909e-06 -4.3291528398570486e-05
227.0 -1.4833435093803436e-07 8.170672711702247e-06 -4.8869495481307766e-05
228.0 -2.7149671154855054e-06 1.0185530727027066e-05 -4.241658279676028e-05
229.0 -5.037070122699203e-06 1.0459418183153349e-05 -4.9413525056331335e-05
230.0 -4.997658570736898e-06 5.379772897091899e-06 -4.028637810565301e-05
231.0 -3.1756119488032603e-06 1.044595332799215e-05 -4.943466247607018e-05
232.0 -4.560261360591113e-06 1.2469588726853775e-05 -4.337203296427794e-05
233.0 -4.997392796487109e-06 6.913193718493433e-06 -4.308186970908364e-05
234.0 -4.740461936634973e-06 7.918858247974589e-06 -3.876580873414088e-05
235.0 -1.2679359742163252e-05 9.168346336107385e-06 -5.0003914668728794e-05
236.0 -6.910414836500579e-06 9.148375069667613e-06 -4.111212600034769e-05
237.0 -1.4061681659208769e-06 1.296881578429553e-05 -5.3202734831730556e-05
238.0 -5.334479632084146e-06 1.4954818343598e-05 -5.2075882148945666e-05
239.0 -2.7234520695981695e-06 1.7727308169120937e-05 -4.8569109398466166e-05
240.0 -5.065886646493619e-06 1.3919320530192225e-05 -5.390008975211281e-05
241.0 -5.050136973767308e-06 1.814655779981472e-05 -5.716672372275853e-05
242.0 -8.614706712444076e-06 2.3253364347064125e-05 -5.2324735604667026e-05
243.0 -1.2019818109896152e-05 2.3089993863076244e-05 -6.0622456080392016e-05
244.0 -1.3787131057917411e-05 2.4906614450493204e-05 -6.0382301509362974e-05
245.0 -7.79959431213854e-06 2.757738320221449e-05 -5.9107514839724253e-05
246.0 -1.0604862027775974e-05 2.5231262628375433e-05 -6.896427034848767e-05
247.0 -1.066591546250049e-05 2.213591636303931e-05 -5.675504160804751e-05
248.0 -9.709353625600766e-06 2.824795733169489e-05 -5.737809968664046e-05
249.0 -8.28628769715761e-06 2.1566203636025756e-05 -5.5417988907496745e-05
250.0 -9.322834893795962e-06 2.1550338611448477e-05 -5.273964871675552e-05
251.0 -5.417832270865739e-06 1.4790003197194189e-05 -6.305099354903162e-05
252.0 -6.023203600127915e-06 1.73028427563596e-05 -5.6585607378024945e-05
253.0 -9.858991174165165e-06 2.0624082419906655e-05 -5.029471421937677e-05
254.0 -1.212162294960955e-05 1.9016544262419e-05 -5.406442639219064e-05
255.0 -1.2865522704821703e-05 1.0824564628964282e-05 -5.3488649266715105e-05
256.0 -9.055032369040207e-06 1.1837605452062075e-05 -5.133979074605232e-05
257.0 -1.3439179722799283e-05 1.0124292900875823e-05 -3.821240977132156e-05
258.0 -1.6545076031951017e-05 1.0142729982360392e-05 -4.2609772643609986e-05
259.0 -1.7657666579173562e-05 1.4826928450903573e-05 -4.0395994118101554e-05
260.0 -1.5467173663002665e-05 1.6244507019047354e-05 -4.4342881664771196e-05
261.0 -1.71310586312203e-05 2.1329333172917425e-05 -4.7465836843082386e-05
262.0 -2.0607384386596125e-05 1.780901986702778e-05 -4.659343283108151e-05
263.0 -1.6329222604140486e-05 1.7615197860740697e-05 -4.7377831989484316e-05
264.0 -1.8255544064114277e-05 1.6812437021381354e-05 -4.643403612450454e-05
265.0 -1.8584238067589683e-05 2.110782644833237e-05 -3.8762512804640114e-05
266.0 -2.2250014663682e-05 2.3516549314393068e-05 -5.5228525914411054e-05
267.0 -2.0484257060420848e-05 1.5061259454414808e-05 -5.1728289042860105e-05
268.0 -2.167133960053155e-05 1.7558858090334147e-05 -5.401646270337725e-05
269.0 -2.334596995824247e-05 1.395269208887045e-05 -4.0537612364870076e-05
270.0 -2.0930220186180996e-05 2.004632109793328e-05 -4.105312164629779e-05
271.0 -2.1359524658870833e-05 1.5041087757347295e-05 -5.3475434812588115e-05
272.0 -1.7088990703138575e-05 1.3147435912970338e-05 -6.288823063461801e-05
273.0 -1.6106393263391122e-05 1.2468268069170458e-05 -6.309446404517824e-05
274.0 -1.6722608966349972e-05 9.095429259039933e-06 -5.830609404216584e-05
275.0 -1.5764716342988908e-05 1.2647256556757732e-05 -5.6940334905104734e-05
276.0 -1.8269223439743345e-05 7.859554242009296e-06 -6.0011565183140935e-05
277.0 -1.8351965723637757e-05 7.907343913653841e-06 -5.691653961368023e-05
278.0 -1.7938936422123955e-05 7.877717251295745e-06 -5.326848538789329e-05
279.0 -1.552369964986856e-05 6.4958874452957195e-06 -4.7255110253432896e-05
280.0 -1.9570385676388908e-05 1.0629253460056463e-05 -4.810784966696008e-05
281.0 -2.164442241932333e-05 1.1758539215338177e-05 -4.724499000220365e-05
282.0 -1.787366136786336e-05 1.3070661323324609e-05 -4.783906663327366e-05
283.0 -2.137770828583952e-05 1.2410394083031085e-05 -5.2772124952105434e-05
284.0 -1.88809201353927e-05 1.2574556301732066e-05 -5.537317713667719e-05
285.0 -2.473466087278854e-05 4.749619529536533e-06 -4.2533543036569936e-05
286.0 -2.3958061464620516e-05 -3.905926644677303e-07 -4.061333243810923e-05
287.0 -2.3276286993363406e-05 -7.906562253645554e-07 -4.028168768062905e-05
288.0 -2.4623601918399124e-05 -1.7700137760333176e-06 -3.650550379128279e-05
289.0 -2.325194885993951e-05 -4.660863229554472e-06 -2.8227587126348166e-05
290.0 -2.6475441524809216e-05 -3.722543065432873e-06 -3.2346003171428186e-05
291.0 -2.873874929784137e-05 -2.4064751140102143e-06 -2.574755143575909e-05
292.0 -2.8026417789508588e-05 -8.578202722397188e-06 -2.642720219339211e-05
293.0 -2.2483354854896977e-05 -4.965878509191559e-07 -2.1776050913937477e-05
294.0 -2.472470711110209e-05 -3.6823539170877836e-06 -2.0823795823411802e-05
295.0 -2.7636077776039093e-05 -7.811984864750805e-06 -1.967151193470597e-05
296.0 -2.2830198625819127e-05 -2.993558645304114e-06 -1.541464390849324e-05
297.0 -2.537661029599496e-05 2.4955481600245905e-07 -2.7813743147061158e-05
298.0 -2.5219891392284357e-05 -5.680824313138851e-06 -2.007988167302773e-05
299.0 -2.334921081364122e-05 -6.696435406110658e-06 -3.0177039186831473e-05
300.0 -2.2832467809190244e-05 -1.1442347427352562e-06 -2.60563495984947e-05
301.0 -2.556808094216983e-05 -8.741634196436818e-06 -1.9591546148877434e-05
302.0 -2.0549280752116768e-05 -1.0632620303720981e-06 -3.181331185265694e-05
303.0 -2.5690189615345682e-05 6.909722796010071e-07 -2.8933668174051494e-05
304.0 -2.7776317108183546e-05 4.872157469225702e-07 -3.2663129800846655e-05
305.0 -2.661644439836059e-05 -3.504390458346056e-06 -2.4502735673991727e-05
306.0 -2.8130792818357728e-05 2.399098654290045e-06 -3.407713368664262e-05
307.0 -2.744908574774812e-05 5.025702878669675e-06 -2.5990732010936357e-05
308.0 -2.7412008099195716e-05 8.875995402195547e-06 -2.858516409442611e-05
309.0 -2.508366986293344e-05 4.361733998362962e-06 -2.867313767291302e-05
310.0 -2.7246732448991947e-05 -1.5755219232865663e-06 -2.3896411726192263e-05
311.0 -2.688353808825416e-05 -4.935899308753319e-06 -1.529905639627859e-05
312.0 -2.9350897186925856e-05 -9.222704786665095e-06 -6.7093274194844324e-06
313.0 -2.013037178122884e-05 -6.314196723871648e-06 -9.500080413508745e-06
314.0 -2.2658863532630156e-05 -6.644824887237787e-06 -1.1970957770832608e-05
315.0 -2.20977257450825e-05 -1.1149681662073302e-05 -1.3958855396627584e-05
316.0 -2.8612760124507354e-05 -9.490543386765799e-06 -6.9195777317005475e-06
317.0 -2.9268345109851275e-05 -7.537820087388238e-06 -4.6982987546391684e-06
318.0 -3.334926809299011e-05 3.3493984888741864e-06 -1.2791758510101979e-05
319.0 -2.938889479692441e-05 -7.495128738203062e-06 -1.6333828980868096e-05
320.0 -2.7394352989303036e-05 4.470761169507892e-06 -1.4463445870308165e-05
321.0 -2.9498105323708862e-05 2.4384192336189147e-06 -1.0909670285329382e-05
322.0 -2.856580342844798e-05 6.281160901476354e-07 -1.209664352410791e-05
323.0 -3.1501855103288927e-05 -1.535208208348847e-07 -2.1997001297259825e-05
324.0 -3.2389944068219275e-05 -1.3962607245354831e-06 -1.428055312790181e-05
325.0 -3.198178137701517e-05 -1.0320050269659734e-06 -2.3607834008886745e-05
326.0 -3.43325091336532e-05 -3.3229587170408137e-06 -2.1201347282912825e-05
327.0 -3.631487645038252e-05 2.215342331621608e-06 -2.6842411884567805e-05
328.0 -3.476637425961153e-05 -4.624953417348038e-06 -2.7686546328346365e-05
329.0 -3.4068041429512835e-05 7.305646517318651e-06 -3.0514846471302915e-05
330.0 -3.238677178935638e-05 6.7115294885305385e-06 -2.5554690379859532e-05
331.0 -3.260612165359804e-05 3.6188085530692756e-07 -1.5220138182852278e-05
332.0 -3.547360899558975e-05 1.971522017242242e-07 -2.480675313040531e-05
333.0 -3.5435647467748296e-05 -7.66328760885446e-07 -3.4789157282273145e-05
334.0 -3.2524731690967095e-05 -3.112360724275895e-06 -3.697348974818214e-05
335.0 -3.1496766716673845e-05 -4.232134603884009e-06 -3.431560862447404e-05
336.0 -3.438609904395608e-05 4.487250442923456e-06 -4.1300504981981626e-05
337.0 -3.4593605596511495e-05 7.2846691158959285e-06 -3.60853888971984e-05
338.0 -2.7597000177093566e-05 -2.855622620751103e-06 -3.550395881298973e-05
339.0 -3.076389120692306e-05 4.386546715983374e-06 -4.0908650437517075e-05
340.0 -2.969269476688596e-05 5.565010123027805e-07 -5.0067536625671884e-05
341.0 -2.776617135148104e-05 -2.4508358204924254e-06 -3.9002747811422246e-05
342.0 -2.8995896881914317e-05 -2.1989841792555587e-06 -4.028995784850919e-05
343.0 -2.568452253041105e-05 -2.5399904886410947e-06 -4.091879131125046e-05
344.0 -2.950119865520817e-05 -1.8760282320879566e-06 -4.234247368364905e-05
345.0 -2.8899795179622156e-05 -3.031931967125851e-06 -4.7928397204024865e-05
346.0 -2.770633656174538e-05 -5.500920994918972e-06 -5.271532022151587e-05
347.0 -3.422659333595166e-05 -7.663769834711159e-06 -4.53230246492839e-05
348.0 -2.9486724384274033e-05 -8.487064542033268e-06 -4.830914826616973e-05
349.0 -2.8562644657093077e-05 -3.326687323729432e-06 -5.107540233754754e-05
350.0 -3.282700171778434e-05 -2.247391846395201e-06 -5.150345259027911e-05
351.0 -3.0816456842297605e-05 -4.550944087534228e-06 -4.6228286316999825e-05
352.0 -3.53733140161249e-05 -2.132619609736477e-06 -4.021331749660303e-05
353.0 -3.4833444086750395e-05 8.856269196288788e-07 -5.4146265427837654e-05
354.0 -3.446004145565118e-05 4.6965266103162216e-06 -4.211256331874663e-05
355.0 -2.831944748897525e-05 -1.2172302583364155e-06 -3.896896346078358e-05
356.0 -2.7846866204667815e-05 -8.709996698481701e-07 -3.850908984601471e-05
357.0 -2.620391583661525e-05 -4.966441537553773e-06 -3.639979640712192e-05
358.0 -2.813115304825848e-05 -4.188437907040629e-06 -3.481824448086863e-05
359.0 -2.437345430084858e-05 -5.9493347691734115e-06 -3.643981119547997e-05
360.0 -2.885025651048182e-05 -6.060358669528892e-06 -2.9395430105415732e-05
361.0 -3.046362600372585e-05 -1.779393593294769e-06 -3.678677703531097e-05
362.0 -2.786615269627061e-05 -2.175815447006105e-06 -4.218346973577848e-05
363.0 -2.6241582869177963e-05 -2.035480148080345e-06 -3.285704129539146e-05
364.0 -2.4508945442630492e-05 -4.682347160667686e-06 -3.237791054015266e-05
365.0 -2.7252588792606958e-05 -3.581305604733997e-06 -2.113392549327073e-05
366.0 -2.6697955598618073e-05 -4.87246483335515e-06 -2.3829540632599993e-05
367.0 -2.9676358223388166e-05 -3.4816241716965893e-06 -2.5559474645014495e-05
368.0 -3.1634941730644376e-05 -7.82051218772782e-06 -2.4678868169663228e-05
369.0 -3.092734446537216e-05 -5.39391484267981e-07 -3.1008480130887825e-05
370.0 -3.1162122239103765e-05 -1.677836842766347e-06 -3.048179526294025e-05
371.0 -2.9273057702619046e-05 1.1715040320690158e-06 -2.7873268467893247e-05
372.0 -2.7953394042149328e-05 -6.0529175999791905e-06 -2.3802841782475468e-05
373.0 -3.002601524763817e-05 -1.2144160405064698e-05 -1.2273501614210908e-05
374.0 -2.89420528044454e-05 -4.823158277420143e-06 -1.2150533997917745e-05
375.0 -2.5794685125703543e-05 -5.812699874131916e-06 -1.189892658678436e-05
376.0 -2.461686800223553e-05 -3.6921247470219143e-06 -4.8714368204662135e-06
377.0 -2.450577619288529e-05 -9.781540987314543e-06 -8.183561365238619e-06
378.0 -2.244405638920394e-05 -1.0190618789605638e-05 -7.743689328710632e-06
379.0 -2.2133184631642118e-05 -7.1613237124757225e-06 -1.0066296001807314e-05
380.0 -2.5552407340201814e-05 -9.43760920246116e-06 -2.1069912182164806e-05
381.0 -2.3710768308732172e-05 -6.882995036274402e-06 -2.0544125969572825e-05
382.0 -2.437250756027937e-05 -7.459925262599622e-06 -1.1699023758826745e-05
383.0 -2.5760971816750988e-05 -1.9985786851500103e-06 -1.588710044051175e-05
384.0 -2.2984162736866194e-05 -5.3671613661579275e-06 -2.155298716173756e-05
385.0 -2.703900795241012e-05 -7.3235369738280844e-06 -1.3621268583645766e-05
386.0 -2.2405761467254956e-05 -8.720447458200766e-06 -1.301500739833453e-05
387.0 -2.8247432088136466e-05 -1.086829143912288e-05 -9.279499718982859e-06
388.0 -2.928194488195903e-05 -1.0186326229173738e-05 -8.214793804942261e-06
389.0 -3.473234024091283e-05 -9.127852349031818e-06 -5.557767254022476e-06
390.0 -2.826331919246943e-05 -7.937721812356195e-06 -8.616569131917575e-06
391.0 -2.478463718972953e-05 -1.702049444616222e-05 -4.751747532070339e-06
392.0 -2.677937631901928e-05 -9.299096217393933e-06 -5.025426972894501e-06
393.0 -2.7963231504880197e-05 -1.3035428659849285e-05 -4.162048448439745e-06
394.0 -2.320969647910445e-05 -3.467644064940002e-06 -1.0892461689204544e-05
395.0 -2.3282167581009665e-05 -9.503797914252505e-06 -8.808367906632713e-06
396.0 -2.4674686992588293e-05 -1.0165968108163686e-05 -1.3331305572946675e-05
397.0 -2.460606691769246e-05 -1.1614642306437683e-05 -9.64782723078981e-06
398.0 -2.2848997360708665e-05 -1.3051377901982494e-05 -9.286694253316735e-06
399.0 -2.0905950842485857e-05 -6.767387877735931e-06 -1.3784010109168315e-05
400.0 -2.2237443386305997e-05 -2.2410213626671642e-06 -4.546804384746278e-06
401.0 -2.3889791518320773e-05 -5.066292014305304e-06 -6.462506210565776e-06
402.0 -1.9878187785649472e-05 -9.516900664919197e-06 -3.2713580826651944e-06
403.0 -2.0703740011901947e-05 -6.381534760625061e-06 -1.4942916702191891e-07
404.0 -2.0442021973409754e-05 -6.188785714994433e-06 3.382383353170974e-07
405.0 -2.3778309589381178e-05 -2.7705591410364492e-06 -9.971813219515541e-07
406.0 -2.123403384930005e-05 -2.904603674849952e-06 -3.4238941445427206e-06
407.0 -2.4082318769024043e-05 2.4462395448700907e-06 -1.668302502162788e-05
408.0 -2.1323521306774236e-05 -1.968096030690121e-06 -1.2653516064270928e-05
409.0 -2.3794076235473967e-05 -2.408800281741803e-06 -9.02821482372794e-06
410.0 -2.4342150939352534e-05 -1.1316460814262656e-06 -6.294469195000774e-06
411.0 -2.7621491685509417e-05 -1.2518110762378638e-06 -5.821779546249838e-06
412.0 -2.8245377440299973e-05 8.495748934316714e-07 -3.102076457245298e-06
413.0 -2.309534441954796e-05 -2.3190007671595256e-06 -3.924939951229635e-06
414.0 -2.7688566458447274e-05 -1.6013746411160938e-06 -6.092792980966351e-06
415.0 -2.5651765833990373e-05 -1.0430675813735744e-06 -4.0894590166003735e-06
416.0 -3.029066461458711e-05 2.6887287484811866e-06 -9.114684500447322e-06
417.0 -2.51594573035267e-05 3.6383763669436343e-06 -5.630287222229562e-06
418.0 -2.2498163629345662e-05 -7.754637792094425e-07 -1.27940737662539e-05
419.0 -2.36732798978534e-05 4.303856134991971e-06 -2.0656444198190004e-05
420.0 -1.9372798201217843e-05 6.390944613727253e-06 -1.847823348235276e-05
421.0 -2.2437124718915448e-05 3.1185845518965425e-06 -1.3817033646695908e-05
422.0 -2.0919104125789975e-05 -3.8115775943447245e-07 -1.6168863998986222e-05
423.0 -2.2487342992012647e-05 2.5620959572455966e-07 -1.9283505669770642e-05
424.0 -2.3485120634228717e-05 1.898518981782037e-06 -1.6720746702086955e-05
425.0 -2.326723211146468e-05 -3.5872138604143973e-06 -1.9844316867799484e-05
426.0 -2.8338041355442453e-05 -6.964518985309306e-06 -1.4279819493876203e-05
427.0 -2.9443196045388913e-05 -6.676466226619521e-06 -1.6075343427381474e-05
428.0 -2.8590593436127203e-05 -5.677304825178435e-06 -1.6578581699276143e-05
429.0 -2.8671083080574654e-05 -8.022450788764294e-06 -8.754528797927673e-06
430.0 -3.0762957589826506e-05 -3.4371254210031724e-06 -1.8320399979959687e-05
431.0 -2.5202166764769197e-05 -7.4562119293670535e-06 -1.2478462282915622e-05
432.0 -2.5817741111899518e-05 -1.8356827998748963e-06 -1.6972567400575745e-05
433.0 -2.216520942524325e-05 -2.0868279145174684e-06 -1.960083460641599e-05
434.0 -3.230297157642415e-05 -1.1052784453137829e-05 -3.0033233795152544e-05
435.0 -2.635788053449849e-05 -4.7556444105523695e-06 -1.7704792993082175e-05
436.0 -2.3991420008401794e-05 -5.019130431883761e-06 -1.5340041769420122e-05
437.0 -2.9736060824733004e-05 -4.82796719505807e-07 -2.412202943585471e-05
438.0 -2.5934408738809074e-05 -3.0031953588384557e-06 -1.80641139367671e-05
439.0 -2.8507599009450772e-05 -1.545272579556015e-06 -2.4474424825113672e-05
440.0 -2.942895698234779e-05 -3.4524674389422744e-07 -1.3415024074406635e-05
441.0 -2.6022662000382615e-05 -3.435085725725085e-06 -1.823455174254946e-05
442.0 -2.8416741557011377e-05 -3.161474450173074e-06 -1.73647097936781e-05
443.0 -2.8141579384481747e-05 -5.472307556861348e-06 -9.3124301915156e-06
444.0 -2.7220297110200842e-05 6.219453215132485e-08 -6.244881144347281e-06
445.0 -2.4007229349813313e-05 -3.5938968102575942e-06 -6.37011255327426e-06
446.0 -2.2426339687194018e-05 -5.57518621899377e-07 -7.4874241501888666e-06
447.0 -2.3807173027594603e-05 -2.8992941327184735e-06 3.302751928547788e-06
448.0 -1.9792889653056095e-05 -7.812347343571676e-06 7.847431645836603e-07
449.0 -2.522381561966803e-05 -6.354415767710171e-06 4.819434249700103e-06
450.0 -2.6713494931580298e-05 -4.190242726903746e-06 3.3961757504779444e-06
451.0 -2.5867678995125053e-05 -1.1093677693782324e-05 -9.666799061117831e-08
452.0 -2.2183511614788164e-05 -2.326434683787135e-06 2.624962299814563e-06
453.0 -2.1747516685391768e-05 -1.1870249590277506e-05 5.953078336130033e-06
454.0 -1.8801227801831674e-05 -4.487043128727158e-06 6.792328145535155e-07
455.0 -1.764146254092488e-05 -9.907323428811196e-06 1.1712983281762049e-07
456.0 -1.8140777346208235e-05 -1.7306294356456684e-06 1.0271758720390955e-05
457.0 -1.3774091823348145e-05 -1.6081775366996208e-06 1.0310933963165518e-06
458.0 -1.3171671814547831e-05 2.125162415065226e-06 9.607171900119293e-06
459.0 -1.6926560193161248e-05 2.449192166658635e-06 1.728630506969215e-06
460.0 -1.4931037885379021e-05 -8.884206918894027e-06 6.659307619084005e-06
461.0 -1.2036496465049053e-05 3.3635351140203847e-07 -7.792464628827852e-08
462.0 -1.2948601215847501e-05 -9.644592764700095e-06 1.3825055454611078e-05
463.0 -1.1462089037552997e-05 -2.2123935250672183e-06 3.411710510693975e-06
464.0 -1.2225874193814259e-05 -8.20913006635597e-06 7.697898989749387e-06
465.0 -1.2490232132355705e-05 -8.21279987726371e-06 9.654826319666108e-07
466.0 -1.2267035760365243e-05 -7.161444451524468e-06 2.342993251624087e-06
467.0 -1.2580046575289523e-05 -7.63515639539183e-06 4.143205712245199e-06
468.0 -9.138963482884622e-06 -1.2344851373394587e-05 -2.8939039033166504e-06
469.0 -6.912913952270562e-06 -5.523688881847317e-06 -2.0873273104074687e-06
470.0 -9.950075118231249e-06 -1.3816833181245255e-05 1.196573465922937e-06
471.0 -5.575264736606833e-06 -9.4907400147766e-06 5.846664390645544e-06
472.0 -1.0216074206113895e-05 -4.6983928555529895e-06 2.3178112038391388e-06
473.0 -1.5495567490744e-05 -6.628792435226377e-06 9.477858345293667e-07
474.0 -9.150615991658298e-06 -1.1854892379833176e-05 -2.7595882187814506e-06
475.0 -1.4690448968732983e-05 -1.363231137165473e-05 3.5755683667278003e-06
476.0 -1.9003145173662826e-05 -1.2342728630605266e-05 4.335636473464221e-06
477.0 -1.676153827577387e-05 -1.533988505103335e-05 -3.746579939737444e-06
478.0 -1.4884840828200098e-05 -1.2202431858855508e-05 4.9113902055320596e-06
479.0 -1.8522621455808573e-05 -1.2299151751964061e-05 9.926073510770189e-06
480.0 -2.022306700580352e-05 -8.633995367291835e-06 4.2350539166737965e-06
481.0 -1.9408287784057497e-05 -1.2613416610011818e-05 4.5778490663848345e-06
482.0 -1.752520461547976e-05 -1.1566228196489486e-05 1.771278098253355e-06
483.0 -1.9096844315172324e-05 -1.514400195269921e-05 5.380987212467298e-07
484.0 -1.8343229657165478e-05 -8.547137603046026e-06 -1.0643170589895487e-07
485.0 -1.7619043351786518e-05 -1.4316613090550177e-05 9.316263070055986e-06
486.0 -1.4583912504133221e-05 -1.245729581625326e-05 5.820269871399083e-07
487.0 -1.5163158180571723e-05 -1.315045205311088e-05 4.687392072904176e-06
488.0 -1.581995571802564e-05 -6.598299207003341e-06 7.978290555040664e-07
489.0 -1.7812498432909527e-05 -6.153488184361562e-06 -2.9298393971670764e-06
490.0 -1.49321148053716e-05 -6.305921165728345e-06 3.6194503589297203e-06
491.0 -2.0180306556641847e-05 -4.712997295256152e-06 2.040546427813416e-07
492.0 -1.7504645138836474e-05 -9.486356900294874e-06 1.4461709120921741e-05
493.0 -1.691020270807113e-05 -8.134506785215893e-06 7.855506135821289e-06
494.0 -1.6374404183414727e-05 -1.0585717538475564e-05 7.794339784122598e-06
495.0 -1.7429005884565447e-05 -7.373592849313669e-06 8.3808888379574e-06
496.0 -2.311586186593394e-05 -4.894476305372074e-06 6.997902408372907e-06
497.0 -1.6077111698537703e-05 -1.1129686219675143e-05 1.026959564108374e-05
498.0 -1.1915452974057064e-05 -9.503420930123099e-06 5.3280694330525205e-06
499.0 -1.0183982287693143e-05 -1.5240516197901746e-05 7.577082248025733e-06
500.0 -9.971597577569381e-06 -1.3397407452151644e-05 6.792419902147896e-07
501.0 -1.4845340782775404e-05 -1.4914563304008114e-05 2.807256972865753e-06
502.0 -1.2341501334291322e-05 -1.1569486176727698e-05 2.1534823068121646e-06
503.0 -1.2471713838052128e-05 -9.588943182128614e-06 4.722854372807051e-06
504.0 -1.0274705112812373e-05 -1.3967431961880243e-05 5.159090759564878e-07
505.0 -1.2469262455551594e-05 -8.433018890589067e-06 -5.285503034743381e-06
506.0 -1.0021225576984944e-05 -1.7622600429690344e-05 -9.905445212830646e-06
507.0 -8.44080168786039e-06 -2.3134077394487516e-05 7.723209369280338e-07
508.0 -7.1803437898260765e-06 -1.9878729613823255e-05 -6.326464800266848e-06
509.0 -4.962591774720416e-06 -1.7207020155694357e-05 -7.31722226766879e-06
510.0 -6.654689038136182e-06 -1.6456125274948116e-05 -8.892431615152875e-06
511.0 -1.0918882379629319e-05 -1.6838746305703197e-05 -1.0417511593968173e-05
512.0 -1.1624752561571068e-05 -1.4469111957714455e-05 -4.02445613514918e-06
513.0 -7.026292023173428e-06 -9.078774565722088e-06 -1.0374734512356381e-05
514.0 -8.961489972261507e-06 -8.971810137878272e-06 -2.089529926713459e-06
515.0 -9.281012830510271e-06 -8.781664440700654e-06 4.7158065867768815e-06
516.0 -7.744392894862014e-06 -6.184012228211482e-06 -3.444139087879198e-06
517.0 -5.686897413745913e-06 -9.259521057346827e-06 -4.948961535381293e-06
518.0 -8.276850137967476e-06 -7.5701229005125805e-06 -1.4732295251469638e-05
519.0 -5.305808388219423e-06 -8.175017879358911e-06 -1.5232120600765972e-05
520.0 -4.626437146553972e-06 -1.1879942380030782e-05 -7.695092772252176e-06
521.0 -4.029507170972019e-06 -1.4206052576402151e-05 -7.128180650184358e-06
522.0 -7.082564466220899e-06 -1.0171985588496975e-05 -4.8117320479675114e-06
523.0 -7.167647240359297e-06 -1.2011830570311943e-05 -3.926073533194001e-06
524.0 -8.229437715100048e-06 -9.699109621140756e-06 -3.5077635038224613e-07
525.0 -7.557736206175401e-06 -1.5923579884377858e-05 4.344852057238746e-06
526.0 -8.657908991307159e-06 -1.0281580094830026e-05 1.5605807639816926e-05
527.0 -1.1184343796255407e-05 -1.190752111069328e-05 2.4349936792411083e-05
528.0 -6.095263075766041e-06 -6.744998966749311e-06 2.285295972847848e-05
529.0 -7.324179001533552e-06 -5.144688993381827e-06 2.12789797957656e-05
530.0 -8.232959218966179e-06 -1.0307677568413506e-05 2.3291958696392283e-05
531.0 -6.169012602008259e-06 -5.020086611034448e-06 2.6018099629263363e-05
532.0 -6.109469650922588e-06 -6.271624728920269e-06 1.894332978103042e-05
533.0 -5.786733277498998e-06 -3.2345002211055187e-06 2.738992461978849e-05
534.0 -3.245572683833294e-06 -3.3770669908095044e-06 1.9890109578491725e-05
535.0 -8.02466637921126e-06 -7.011069653883336e-07 4.70163729454051e-06
536.0 -7.617448937559081e-06 -3.2042139222726566e-06 1.1592182293156073e-05
537.0 -7.124202205833355e-06 -3.6807166237051766e-06 1.3255085223191015e-05
538.0 -7.098660907106412e-06 -6.636092265855182e-06 2.0486109465920174e-05
539.0 -4.867544943154618e-06 -6.514002293005794e-06 2.3772294534982313e-05
540.0 -5.0073822079286065e-06 -4.330264754302756e-06 1.695686241041174e-05
541.0 -3.199031921064772e-06 -3.2227562979475042e-06 1.6458715346624232e-05
542.0 -3.568087784225628e-06 -1.1300694913225372e-05 2.6786676176860056e-05
543.0 -4.5525896910073e-06 -1.2820042488258459e-05 1.5131525254286657e-05
544.0 -2.418845790141345e-06 -7.319076300656064e-06 1.947503052550522e-05
545.0 -2.973109993772599e-07 -1.0682806172475116e-05 1.0005916935116123e-05
546.0 -4.118671208345051e-06 -7.335106159503217e-06 1.316356627624091e-05
547.0 -1.4376409179244286e-06 -9.516651152815637e-06 2.3584326212631353e-05
548.0 -3.2078099320422805e-06 -4.109638666020042e-06 1.9563139161645758e-05
549.0 -2.0451358827100733e-06 -5.81531192231217e-06 1.8176251460735806e-05
550.0 1.3182336772779196e-06 -6.076812259710233e-06 2.0600543054133382e-05
551.0 -2.8309726902940224e-07 -6.75058137520965e-06 2.0288733325828413e-05
552.0 4.533104823286946e-09 -7.765599746372385e-06 2.1620869009671026e-05
553.0 -5.299259807479097e-06 -1.4271134962378114e-05 2.9972877098537456e-05
554.0 1.7027461100732747e-08 -1.2075668071769575e-05 2.1727776820767028e-05
555.0 -7.542784597494804e-07 -1.3111430867474273e-05 2.9838980797904632e-05
556.0 -3.120345093987729e-06 -1.2773731173240582e-05 2.3040970012399126e-05
557.0 -3.078937815205063e-06 -1.4141186141769693e-05 2.0526143729696273e-05
558.0 -4.410030015635211e-06 -8.744960652603177e-06 1.0657404752545173e-05
559.0 7.760037255001894e-07 -1.0359370261450655e-05 1.338593821330779e-05
560.0 4.988454851186985e-06 -2.3301609963898682e-08 1.784127768147541e-05
561.0 -2.8632240158785514e-06 -3.5213166040274627e-06 1.2853283099398867e-05
562.0 2.37759975743844e-06 -4.702560269767612e-06 2.00390830076073e-05
563.0 4.574377748676244e-07 -1.120780071201261e-05 2.7786685649863974e-05
564.0 -2.769973850329203e-06 -1.1532248368283348e-05 2.9352412122666278e-05
565.0 -1.7011032125203627e-06 -9.440020456269241e-06 2.2488846813616047e-05
566.0 -3.2465900884529822e-06 -8.987436951587201e-06 1.2299351638661974e-05
567.0 -5.3143013787718975e-06 -4.9869612006108545e-06 6.302362745239901e-06
568.0 -4.027244069346089e-06 -1.2603343181232156e-06 4.919015860587977e-06
569.0 8.982495029454084e-07 -7.184313245926857e-06 1.118793080565858e-05
570.0 -2.1313098351494908e-06 -7.609096355514939e-07 1.0767422269036993e-05
571.0 -2.5694500716636257e-06 -1.2294777591861776e-06 4.345937804082338e-06
572.0 1.0684548560636113e-06 8.410144637108289e-06 1.7705951467779434e-06
573.0 8.165353345792962e-08 5.541663872222505e-06 4.798905622070706e-06
574.0 -3.346091743332708e-07 2.1369401877940176e-06 1.3849190865213866e-05
575.0 -2.81292462958197e-06 -1.6903114656608027e-06 9.292283235895314e-06
576.0 -9.140758502947642e-07 4.3649558939758775e-07 3.199327247322399e-06
577.0 7.473867929487694e-07 -3.2465963406495174e-06 1.3722756422684613e-05
578.0 1.7032370736134526e-06 -7.195558610928692e-06 8.101057596645077e-06
579.0 5.592692563818411e-07 1.06174391814055e-06 1.4962346156459818e-05
580.0 3.959263831812064e-06 6.544156432747941e-07 8.174997999682603e-06
581.0 6.922718693596454e-06 8.187321489033756e-07 9.443775719185644e-06
582.0 6.870918928819168e-06 -4.013250927549863e-06 1.5989953833182646e-05
583.0 5.327764172365822e-06 6.898024668926566e-06 7.087777691981746e-06
584.0 2.9624518359745376e-06 -1.4092667836173647e-06 -1.118069845341993e-06
585.0 2.9708389083174897e-07 -2.544624580968898e-06 2.9303374986674306e-06
586.0 -1.4599163240641584e-06 -3.3222629213843586e-06 5.743148521387841e-07
587.0 2.787154178016003e-07 -1.328555749053683e-06 4.690516827317928e-07
588.0 1.4428402839433007e-06 6.526792128437955e-06 4.7671316606321734e-06
589.0 3.3710636419107005e-06 5.149274936797439e-06 4.0789969538260304e-06
590.0 1.6684326793830453e-06 -1.341693626596729e-06 2.072767158717062e-08
591.0 -6.415271054109102e-07 5.438356562363742e-06 1.654869180324098e-05
592.0 1.5602451745134996e-06 6.9347589291041805e-06 2.478938242954451e-05
593.0 -7.866123751953652e-06 -4.641529337690464e-06 2.982248920778257e-05
594.0 -5.303685210806562e-06 -5.353251492082288e-06 2.6063338481539717e-05
595.0 -5.684764227386417e-06 -3.134091951420544e-06 2.3540830306798734e-05
596.0 -1.0011594125505483e-05 -5.387432055276282e-06 2.2785978205050767e-05
597.0 -9.197121329899217e-06 -2.6068484814045986e-07 1.7123605029872484e-05
598.0 -8.272040525978997e-06 4.38216764129346e-06 2.0682351282551458e-05
599.0 -5.628946871484551e-06 5.153490673022798e-06 1.029414712286012e-05
600.0 -7.050264743002232e-06 4.693991993490814e-06 7.61690613240502e-06
601.0 -6.180140194879291e-06 5.032083851563826e-06 3.70474590713579e-06
602.0 -1.7480616865008832e-06 2.2829255806362935e-06 -1.3919253008303227e-06
603.0 -6.284171760847979e-06 -1.4724053218488553e-06 1.8284036760906763e-06
604.0 8.15180526301021e-07 4.570351582479637e-06 4.477303619289346e-06
605.0 -1.133101684721392e-06 7.235797097709624e-07 1.1236153228524872e-05
606.0 1.3831123018509757e-06 7.488649192876943e-06 8.704272235163584e-06
607.0 -5.055575981014351e-06 1.0098061052695908e-06 1.1229038935160909e-05
608.0 -7.160613219496851e-06 -4.325233257467895e-06 6.522605830334082e-06
609.0 -5.335514911977939e-06 -4.570873778361467e-06 1.0335849647699763e-05
610.0 -4.382791477477619e-06 5.1263204214206135e-08 1.1903320167426204e-05
611.0 -1.4706268877896958e-06 -7.418723867221206e-08 1.4266276831630585e-05
612.0 -2.9742386084118966e-06 -5.096182637198512e-06 1.0283799293177583e-05
613.0 2.7775990501893576e-06 -1.4104105612110952e-06 7.383974535892427e-06
614.0 -1.4081622155370102e-06 4.129767918919383e-07 1.0544487167534518e-05
615.0 -1.8963652524804855e-06 6.325101926954479e-07 7.828939857273161e-06
616.0 -1.1818351081504224e-06 8.043700676762146e-07 7.817554762317186e-06
617.0 -6.5845453386347565e-06 3.39269884113882e-06 1.2142774707833354e-05
618.0 -1.962053563437731e-06 4.449818741280101e-06 3.939906894554659e-06
619.0 -4.838889737198199e-06 1.0460523379502201e-05 8.23880363139471e-06
620.0 -9.107433478715444e-07 1.2376152756543707e-05 3.513131473009982e-06
621.0 -1.1605012252600063e-07 1.2705090876959596e-05 6.610395876464855e-06
622.0 8.952302305699234e-07 9.339928964045709e-06 1.3280871463124733e-05
623.0 -2.327050123111212e-06 1.1641150260118151e-05 6.357031180452094e-06
624.0 1.0753407686148523e-06 8.959450081763161e-06 1.25184748005949e-05
625.0 -1.5917385873903859e-06 9.93177073385574e-06 1.4042059213160248e-05
626.0 -3.729347825642798e-06 1.2439983060915782e-05 6.368344357747958e-06
627.0 9.486308495756109e-07 9.960267556691335e-06 -6.182540079833053e-07
628.0 1.7124003198114566e-06 7.103154247100857e-06 5.5853954810021844e-06
629.0 -1.46724024223064e-06 1.2731435605825811e-05 5.233118529530081e-06
630.0 3.813870987932347e-07 1.6943999893086806e-05 4.7948811755037335e-06
631.0 4.0053301347051726e-06 1.8903644413488613e-05 1.3960308119909724e-05
632.0 5.309241193078963e-06 2.007057765290007e-05 1.090190270876887e-05
633.0 6.343238812891699e-06 2.0882273000847698e-05 1.2656751470281466e-05
634.0 7.931356283133297e-06 2.306700979256593e-05 1.258055789591401e-05
635.0 7.965603186262806e-06 1.8384577940676326e-05 1.691833767292987e-05
636.0 7.520270160145103e-06 1.8093063646690868e-05 1.0892632081909467e-05
637.0 7.3435142393233215e-06 1.6072841828446153e-05 6.4286858513783395e-06
638.0 8.723701251336587e-06 2.3015082995860732e-05 8.819573298906269e-06
639.0 7.910106131136432e-06 2.3536364493069912e-05 1.3225555384401234e-05
640.0 5.428200542462486e-06 1.7246904172227677e-05 1.3203915056132264e-05
641.0 4.488148701966763e-06 2.0614766759425127e-05 1.1487009466179952e-06
642.0 5.093180909419562e-07 1.6095568275793424e-05 1.3575605493819391e-05
643.0 -2.4371878592204994e-06 1.3461136267117407e-05 -5.992385877652369e-06
644.0 1.5433562459305541e-06 1.4735579519538332e-05 -9.748730492099882e-06
645.0 -3.216727606788713e-06 1.5671240281741616e-05 -5.85015498998708e-07
646.0 8.910025855000493e-06 1.1899148808433246e-05 -1.755946251442144e-05
647.0 3.369083169568008e-06 8.248642571494193e-06 -9.581312475566965e-06
648.0 5.0811454594183235e-06 8.786895043629363e-06 -3.744300333737513e-06
649.0 7.0488443248451504e-06 4.590698113347087e-06 -2.652631204087766e-06
650.0 8.865121140310252e-06 7.998192120952177e-06 -6.643140035920756e-06
651.0 2.425172449260269e-06 1.7320522258313913e-06 -8.010650541368116e-07
652.0 7.759909293634293e-06 3.351131623963793e-07 -1.4385582330385397e-06
653.0 5.966576145180141e-06 4.2282321573319904e-06 -5.514213899553687e-06
654.0 1.1975242903094868e-05 4.53722966305687e-06 -4.2938283729224505e-06
655.0 8.16429278284996e-06 1.643391160657144e-05 2.689617259420758e-06
656.0 3.2187464354918985e-06 1.3186748761117735e-05 6.404634799801312e-07
657.0 3.5504159795062195e-06 6.844832202993989e-06 4.116826065716743e-06
658.0 1.9880589666336917e-06 4.810127872300321e-06 4.276388538911062e-06
659.0 -9.896488303326458e-08 1.2052318997457773e-05 9.8678294934194e-06
660.0 5.583136775910641e-06 9.701890503302615e-06 6.191444019457018e-06
661.0 2.2655338384192685e-06 9.673433767792339e-06 1.0508816877119927e-05
662.0 3.5718323693038915e-06 1.2176122602458676e-05 1.1529889219724818e-05
663.0 7.541040827672426e-06 8.705053470243258e-06 1.312765960177846e-05
664.0 8.569003476700192e-06 1.5465029247426125e-05 1.0685889161079438e-05
665.0 3.7133717646730523e-06 1.4865374254751856e-05 2.011097534832973e-06
666.0 6.3463982281652145e-06 3.4163217634938855e-06 5.695779001772566e-06
667.0 4.561394189667921e-06 1.057601283133402e-05 8.564574699412699e-06
668.0 5.8777993896520266e-06 1.3537240498169505e-05 -6.499273517726909e-08
669.0 2.8501301239839987e-06 1.392227811790149e-05 7.473051359305674e-06
670.0 8.343681851891665e-06 8.761471954985646e-06 7.025021034137153e-06
671.0 4.289361354906813e-06 6.052793214747784e-06 1.1133866848025718e-05
672.0 4.694579700070871e-06 9.266439629171335e-06 -5.726604652362408e-06
673.0 9.774648753993855e-06 1.2471811482029365e-05 6.512577287982651e-06
674.0 6.1257957736749104e-06 1.4707198042111325e-05 1.5224902526227226e-06
675.0 1.0663864645321019e-05 1.2124699125254521e-05 8.410051532853652e-07
676.0 5.12045003412752e-06 5.1554030421103265e-06 8.679521506731985e-07
677.0 3.938424216597699e-06 1.624674969412231e-05 -1.2191009114574939e-05
678.0 6.806421823047395e-06 1.7848944827639706e-05 -1.470418842286308e-05
679.0 2.247406792871181e-06 2.242943670152115e-05 -2.3282360051940155e-05
680.0 9.209347585508195e-06 2.3454957552875895e-05 -1.2462223908509974e-05
681.0 8.906088330444776e-06 2.38684898790558e-05 -7.5659518441132046e-06
682.0 6.71940225070235e-06 2.721850165354499e-05 -1.0824881865899317e-05
683.0 4.30871023835199e-06 2.9023719977632532e-05 -1.4218415200472523e-05
684.0 3.13170965293798e-06 3.0769156771155366e-05 -6.309265012278918e-06
685.0 3.51770630064424e-06 2.4107517935194602e-05 -6.660585799142177e-06
686.0 3.8933126127278385e-06 1.8431748619638695e-05 -4.93884836120219e-06
687.0 3.5443674260719814e-06 1.5195694558226416e-05 -1.10313637696907e-05
688.0 5.127380463178496e-06 2.0293045581950487e-05 -1.1064208083557107e-05
689.0 6.7077977505371104e-06 1.4531516870303971e-05 -1.180679034989016e-05
690.0 4.884881811661081e-06 1.6374665199531017e-05 -1.062642831051055e-05
691.0 6.572902506938429e-06 7.345205098526024e-06 -1.1483595478659734e-05
692.0 7.826135704411939e-06 8.469239869592572e-07 -1.0844172957665678e-05
693.0 1.2277666485287484e-05 6.628257804259263e-06 -1.6070489158563668e-05
694.0 8.883392816046048e-06 4.545447549458114e-06 -1.3335810684502313e-05
695.0 4.170923124022744e-06 6.149427942039725e-06 -4.573641012395161e-06
696.0 3.523676544726542e-06 -6.045864369763417e-07 2.9171719145609427e-06
697.0 1.8810510710572547e-06 7.679020247323988e-06 4.143377956773121e-06
698.0 2.790639656479269e-06 9.713506909488343e-06 -1.0037679021005164e-06
699.0 4.116069736598306e-06 1.9109635043142695e-05 -6.795043746648678e-06
700.0 4.593064842275936e-06 1.284018255606657e-05 1.826630200783763e-06
701.0 5.656152128172378e-07 1.7851981184547377e-05 -3.761523315919368e-06
702.0 3.177115822116593e-06 1.549278950126535e-05 -6.4828720323725585e-06
703.0 1.990255146697659e-06 1.6377791007118732e-05 -8.041242998722886e-06
704.0 4.588614270187041e-06 1.2730588384695644e-05 -6.325771527073452e-07
705.0 5.7043721298840195e-06 2.0477229320706776e-05 4.164434774951742e-08
706.0 6.751822379619035e-06 1.4946796986608979e-05 2.5691710173196644e-06
707.0 1.1119813327451742e-06 1.4773350514997114e-05 8.720132054075592e-06
708.0 4.381261035663745e-06 9.6215946885655e-06 1.724474849721702e-05
709.0 3.8079221965173703e-06 1.6458431839655585e-05 9.634822194152675e-06
710.0 2.1870962499317037e-06 1.3947945078242617e-05 8.09529537923284e-06
711.0 6.946736309834911e-06 9.084924740239784e-06 -5.4429070130344445e-06
712.0 1.0027383192142314e-05 8.989290731528819e-06 3.3844087529350428e-06
713.0 8.465730041490718e-06 4.782078025614772e-06 3.971941388135167e-06
714.0 7.999771014729313e-06 5.834709677936508e-06 -2.591482739649773e-07
715.0 8.822856769173314e-06 5.313124310434428e-06 -3.2518124049585034e-06
716.0 5.073332440460537e-06 6.485786366433599e-06 5.719176491304888e-06
717.0 2.769041676152758e-06 1.8073155101896784e-06 -3.8772167422489725e-06
718.0 3.0018465374217774e-06 3.3030985805550663e-06 5.7961163355003745e-06
719.0 5.305626212720601e-06 9.335112768577413e-06 1.0527130695539551e-05
720.0 1.932765260213811e-06 9.290060376544328e-06 9.202574065612615e-06
721.0 3.8136810057275607e-06 -1.5186490633403208e-06 9.521190194856559e-06
722.0 6.6543230567001445e-06 2.727806886699086e-06 -3.1039605249762116e-06
723.0 8.493354706060088e-06 1.3101913468743e-06 5.2996230109805985e-06
724.0 3.1889857330926685e-06 7.043561018989084e-07 2.5942689947929976e-06
725.0 4.2393186306016274e-06 9.357944787518438e-06 1.178355736852174e-06
726.0 7.08966240724953e-06 1.7546108701516114e-06 1.1561686359786124e-05
727.0 4.722564125066896e-06 5.998994324246806e-06 1.1492857837808025e-05
728.0 6.6574633806416e-06 3.597800108971996e-06 1.6348756510174237e-05
729.0 5.120003461725949e-06 3.6336851435268046e-06 1.0207167315835634e-05
730.0 2.255745712206895e-06 1.2571109646602471e-06 2.4891607141805326e-05
731.0 4.677221416996876e-07 -1.1456379846671302e-06 2.426199741385189e-05
732.0 2.5898996862006095e-06 -7.649647799812648e-06 3.074440480298423e-05
733.0 -3.249746430178347e-06 -5.128002243907312e-06 1.8330396965095834e-05
734.0 1.345393519635911e-08 -5.432801648257232e-06 2.7932858375852205e-05
735.0 -5.590604640231635e-07 -6.6553587479437e-06 2.9773072697320126e-05
736.0 -1.5089164995560156e-06 -3.5272629603263177e-06 3.060416922444329e-05
737.0 -2.3286618826639144e-06 2.651086042789607e-06 3.13181847824191e-05
738.0 2.3072762421424272e-06 3.895848687261689e-06 2.5544155551723877e-05
739.0 2.9340029281585186e-06 3.2115213010667866e-06 2.7139530014279046e-05
740.0 5.158596643936556e-07 -1.7744874046979843e-07 2.3108213513926164e-05
741.0 7.084719630431799e-07 -4.429411656329754e-06 2.1063968799136256e-05
742.0 1.0268961278793654e-06 -6.424557994357116e-07 2.600928231215586e-05
743.0 6.198150697239819e-07 -2.2925478422607034e-06 2.4042320603667913e-05
744.0 1.3084437357886016e-06 -1.8286782082622125e-06 2.8843077244229928e-05
745.0 2.6527951779095537e-06 2.2114185737671345e-06 1.8730937181503445e-05
746.0 5.399618614848272e-06 5.548188242283663e-06 2.4061951138744068e-05
747.0 4.254719914111932e-06 3.6528397335723317e-06 1.3703737008618357e-05
748.0 6.383688114823261e-06 3.43671870043132e-06 1.4869347576803782e-05
749.0 1.0176257320122035e-05 1.5405490040595737e-05 7.262069951046938e-06
750.0 7.486305417376459e-06 6.921611801171725e-06 1.034719745939424e-05
751.0 5.9274946804396615e-06 1.6146802533476334e-05 8.919364117856506e-06
752.0 4.088775078802033e-06 1.2388672524068728e-05 1.101341987569738e-05
753.0 6.553634409699848e-06 1.2185731736030896e-05 4.465329907785896e-06
754.0 5.419523124026555e-06 5.736380112166391e-06 1.5306597272682252e-05
755.0 6.237891508643416e-06 1.0571202718156098e-05 1.4700940060044432e-05
756.0 9.200660053553438e-06 1.1396671473705366e-05 1.9782270146603537e-05
757.0 1.1582511060787439e-06 9.692839297136483e-06 1.8791993678905906e-05
758.0 2.8396241409421914e-06 5.833627771814041e-06 1.574979717129191e-05
759.0 1.8018610129638518e-06 6.4494655877612535e-06 1.8174540354542946e-05
760.0 1.2715157499370305e-06 7.307830132203754e-06 1.63602630544104e-05
761.0 -2.112822385079081e-07 6.525658522523964e-06 2.122361648318972e-05
762.0 -2.304265605064103e-06 1.4736947521111169e-05 1.2650580390455305e-05
763.0 -5.623300584658833e-07 2.136720780081193e-05 6.867942858060997e-06
764.0 3.9835467785557274e-06 1.274422633712263e-05 8.8179296062681e-06
765.0 1.8938295422461936e-07 9.808707293426315e-06 1.7024453926495955e-05
766.0 -2.928639752410738e-06 1.2849919799658609e-05 1.62226174581498e-05
767.0 -4.921469907112748e-06 9.465366385064325e-06 4.4988465761131666e-06
768.0 -1.1603565102795661e-06 1.4180905228173334e-05 3.1578603975629645e-06
769.0 -5.439175768514078e-06 1.4545588188846218e-05 -1.08169530729474e-06
770.0 -7.160731937846218e-06 1.2526989749913292e-05 5.942337757708474e-07
771.0 -7.367440360234829e-06 2.161764149386391e-05 -3.7589994888608275e-07
772.0 -8.367422634378381e-06 1.578262032993394e-05 -4.3661062720963207e-08
773.0 -6.113306893100531e-06 1.5733771503689378e-05 5.512085241089143e-06
774.0 -1.5721887704572941e-06 1.740318583771597e-05 -5.302026335139213e-06
775.0 -4.325890671061677e-07 1.73355399521573e-05 -3.1353681591320743e-06
776.0 -4.8827965240043425e-06 1.4980800823506515e-05 3.460874009317867e-06
777.0 -7.019551011925183e-07 7.241689460020546e-06 8.426898962618706e-07
778.0 -7.81711055083122e-06 1.651355382657459e-05 -6.2978762229612695e-06
779.0 -8.672685113031644e-06 1.6093455046767733e-05 -7.717518960393665e-06
780.0 -5.716383295110328e-06 1.5486408339160462e-05 -1.2209851667931213e-05
781.0 -3.827216669372105e-06 1.0366005112147361e-05 -1.1052376808814857e-05
782.0 -5.772707674704772e-06 9.011005215729318e-06 2.9912993343640183e-06
783.0 -6.797324645787351e-06 7.702795081321817e-06 -4.987946094547787e-06
784.0 -6.492383568308952e-06 1.2559149808702921e-05 4.489179050799221e-06
785.0 -1.2213038420402383e-05 8.193686836080616e-06 6.184658505177642e-06
786.0 -1.1193343417381164e-05 3.0351452621203045e-06 1.4930000249697024e-06
787.0 -6.6801222585506805e-06 1.2415728239364416e-05 3.281689976161302e-06
788.0 -7.79997255919174e-06 1.8391273573452063e-05 3.3582912189517802e-06
789.0 -1.0558332316792487e-05 1.6977633153129898e-05 -3.846349605888596e-06
790.0 -1.259329708053147e-05 1.1281197865120021e-05 3.0342176517559187e-06
791.0 -8.118335992815897e-06 1.63466968240062e-05 -2.3981725201095633e-06
792.0 -9.398349720538987e-06 2.3902701767331325e-05 1.2034187044082896e-07
793.0 -7.672682271112315e-06 2.353846974384458e-05 -2.0215631022626594e-06
794.0 -4.034133016966872e-06 1.9292323563314008e-05 -1.2140000427076129e-05
795.0 -9.826847200548646e-06 1.5816724866406416e-05 -1.5728323739145517e-05
796.0 -9.542598982252101e-06 2.7655058071992045e-05 -2.0272711369098462e-05
797.0 -4.198332389026831e-06 2.411333302355592e-05 -1.3087822208305262e-05
798.0 -5.479137718366661e-06 1.8082196253571385e-05 -1.9111996550518817e-05
799.0 8.090869851065189e-07 2.127249811148291e-05 -1.8392036476236344e-05
800.0 -6.472096482405248e-07 2.690617103097905e-05 -1.582830526153709e-05
801.0 -3.948951537511154e-06 1.9486616055652644e-05 -1.2110921462867182e-05
802.0 -4.764959305913505e-06 2.473368616210778e-05 -7.3976749722224865e-06
803.0 -3.6797249952203305e-06 2.1252593257511322e-05 -1.3522671236850945e-05
804.0 -5.686074028250961e-06 2.3459212812935365e-05 -1.9128669494675668e-05
805.0 -2.076145424537835e-06 2.1124997062591317e-05 -2.262926461153792e-05
806.0 -7.030550639550602e-07 2.1298506222287994e-05 -2.222909644053404e-05
807.0 -2.728406765900904e-06 1.397139241459423e-05 -1.1591772395737308e-05
808.0 -4.231970008394247e-06 1.641652826027485e-05 -1.1161196217269755e-05
809.0 -1.4403444824571604e-06 1.9182095596368326e-05 -2.1177243518337355e-05
810.0 -2.2813464553481002e-07 1.5856576934947843e-05 -1.588127840374062e-05
811.0 -1.7854102385937688e-06 2.1018368933156697e-05 -3.52317485993059e-05
812.0 -5.773234537920444e-07 1.7008303828694243e-05 -2.6431708886276605e-05
813.0 -3.6045663099269376e-06 2.0832910447317834e-05 -2.6707804677942534e-05
814.0 -2.24732772073187e-06 1.793673322347737e-05 -2.448320227709482e-05
815.0 -3.6505934363453537e-06 1.579640689788402e-05 -2.029469694617824e-05
816.0 -6.189040259988278e-06 1.0162935987933969e-05 -2.163031125899891e-05
817.0 -4.897046649425145e-06 9.608654673377396e-06 -1.703730355794021e-05
818.0 -6.833031702078239e-06 1.6869289878718926e-05 -1.1985589323007138e-05
819.0 -8.645420314689774e-06 1.4202494552864983e-05 -1.4864801634434354e-05
820.0 -6.624583366358746e-06 1.8970319697342228e-05 -2.3747372027930687e-05
821.0 -5.055034116594398e-06 1.1438442997957503e-05 -2.4642360934050248e-05
822.0 -7.51766379297917e-06 1.859635081600888e-05 -2.5114969031123068e-05
823.0 -5.173008093606812e-06 1.9861374115215737e-05 -1.981396081115593e-05
824.0 -3.0947699751162447e-06 1.7808291432763985e-05 -2.2417580737870193e-05
825.0 -6.026280258837488e-06 1.8834947961931557e-05 -2.2586345344721224e-05
826.0 -3.634291971778572e-06 1.864112499720315e-05 -1.652166852868733e-05
827.0 -1.2962529471901545e-06 1.794489964252558e-05 -2.379574983243193e-05
828.0 -5.618664091055528e-06 1.1211989219156565e-05 -1.6651319384927417e-05
829.0 -4.04606465576149e-06 1.4741284663830466e-05 -1.6230414014349e-05
830.0 -4.20578961511293e-06 7.584250801458397e-06 -2.09550675019687e-05
831.0 4.1026637651392445e-07 1.0513880507051716e-05 -1.570545836086321e-05
832.0 1.0193489207991255e-06 1.1517553163467504e-05 -2.7495121305602482e-05
833.0 -3.484860646202206e-07 7.415393031565348e-06 -2.3739355846429137e-05
834.0 -8.439203522339331e-07 1.323430497121479e-05 -2.354034395586053e-05
835.0 -3.33305585763879e-06 7.3825111585816305e-06 -1.910589212683404e-05
836.0 -2.3259834034608337e-06 5.715996791612227e-06 -1.7956414234651513e-05
837.0 -2.4691412162782556e-06 6.561817881449104e-06 -9.314382826382458e-06
838.0 -3.3754143756279263e-06 7.648206441574923e-06 -6.403957998709965e-06
839.0 -3.924764082727463e-06 1.0291712621671676e-05 -1.8253091453957383e-05
840.0 1.2385948677319163e-06 8.170450692916714e-06 -1.9301881900148266e-05
841.0 3.2239549653795427e-07 5.261803467230926e-06 -1.2314159495481624e-05
842.0 -2.3591039343023616e-06 1.5073410442142592e-05 -1.1448204571237896e-05
843.0 -5.516477279653863e-07 9.932741754115533e-06 -9.720068818147522e-06
844.0 -4.9431564759630385e-06 7.339336207331324e-06 2.1272989411818887e-06
845.0 -2.2048634161473233e-06 1.2241297590634057e-05 -1.0107576183852037e-05
846.0 -1.9630322059284687e-06 7.717196459044007e-06 -1.6373652289790264e-05
847.0 6.296606281119002e-06 2.77886930414669e-06 -1.646599084370136e-05
848.0 4.233371479411376e-06 5.190667938122739e-07 -2.1419186217291193e-05
849.0 3.60566714010625e-06 1.1509577623503667e-06 -2.0722361344887893e-05
850.0 5.690142130677783e-07 1.5385803765180195e-06 -3.330091922455951e-05
851.0 4.759944298539235e-06 2.430970078358771e-06 -3.106000543904395e-05
852.0 2.927269613449305e-06 2.3481481844369037e-06 -2.9879926650118413e-05
853.0 2.142788262639901e-06 8.84537160789219e-07 -3.2906874855341484e-05
854.0 2.6342558560698424e-06 6.683116449395091e-06 -3.201929782167074e-05
855.0 1.549954505540529e-06 8.621154817869337e-06 -4.3873266088780274e-05
856.0 2.2440746169855466e-06 2.380250019066435e-06 -3.2618130543345073e-05
857.0 9.414493788291697e-07 6.920395801198545e-06 -4.1033996834804884e-05
858.0 -5.199503368710964e-06 -5.253468767284942e-06 -3.709163500609482e-05
859.0 -4.795558534999975e-06 5.645218590594486e-06 -3.7687290055447346e-05
860.0 -6.816414947297967e-07 -2.2245844123415546e-06 -4.044166597741595e-05
861.0 -6.567682331666485e-06 5.239053207458136e-06 -4.014724951192778e-05
862.0 -8.877861035788895e-07 1.30782777267859e-05 -4.1177924022270044e-05
863.0 -4.200308053431378e-06 1.769053569812706e-05 -4.094078632240759e-05
864.0 -1.741540425106301e-06 1.700642144744091e-05 -3.8411753588358614e-05
865.0 -3.804616406065425e-06 1.0532592351433105e-05 -3.516885789997174e-05
866.0 -6.01922977271958e-06 1.2017622255662443e-05 -3.475282490805499e-05
867.0 -6.23770542633948e-06 8.127589785458658e-06 -4.659180385439726e-05
868.0 -9.950034085217158e-06 9.492646775171843e-06 -4.090239555565758e-05
869.0 -6.644889741329637e-06 1.604785817627597e-05 -5.317734706319523e-05
870.0 -5.168750202624168e-06 2.2467147905190855e-05 -6.036468538957789e-05
871.0 -6.306653347338141e-06 1.630174523678943e-05 -5.0664718296611326e-05
872.0 -2.1738382538581287e-06 1.4126309467314594e-05 -5.016883708202797e-05
873.0 -4.101029443110129e-06 1.0841821595904515e-05 -4.4364016068703135e-05
874.0 -3.163969347789611e-06 1.4078886403547331e-05 -3.694728894547237e-05
875.0 -5.368398978468612e-06 1.2776434123062945e-05 -4.133377180057127e-05
876.0 -3.0365978661788497e-06 1.595835187467394e-05 -4.4191690345677634e-05
877.0 -1.291670987170808e-05 7.841653142848257e-06 -3.5684770988938293e-05
878.0 -4.002937659337974e-06 1.3759194615318545e-05 -4.106155497508876e-05
879.0 -2.0036173176607715e-07 1.0753852834091487e-05 -3.235699674071415e-05
880.0 -2.6522214029416606e-06 1.5328315942621454e-05 -4.011098272454723e-05
881.0 4.399128714354566e-07 1.4596113642437344e-05 -3.543779507467692e-05
882.0 -7.261666626851276e-07 1.9301156614022654e-05 -3.6536720142599155e-05
883.0 -7.543032561784818e-06 2.1434502693752772e-05 -3.942442665059118e-05
884.0 -4.839014977746931e-06 1.8315010581930626e-05 -4.2901892197457625e-05
885.0 -7.677009350507947e-06 1.8991091434660422e-05 -3.7358946811837093e-05
886.0 -7.316454106430889e-07 1.4553916642629201e-05 -3.41817458633041e-05
887.0 -4.786757061648061e-06 1.9218408324200825e-05 -2.5055098000326787e-05
888.0 -3.5193009763258354e-06 2.3833785336829652e-05 -3.192405415990654e-05
889.0 -5.22598599907388e-06 1.8325450201612607e-05 -2.8438573366843297e-05
890.0 -7.700249314472278e-06 1.8084473311908816e-05 -2.072622339083585e-05
891.0 -1.4966437576613498e-06 2.2039736396852297e-05 -2.615047562368738e-05
892.0 -5.8095570215602785e-06 1.9637365066878883e-05 -2.8874862532290547e-05
893.0 -4.538782999603422e-06 2.118243297316566e-05 -2.587909903195235e-05
894.0 -3.1084564881891404e-06 2.7102661582636316e-05 -2.451544110837085e-05
895.0 -5.285285257580875e-06 1.651527427538683e-05 -2.3318863542888417e-05
896.0 -7.548092684342965e-06 1.2435207106148944e-05 -2.323135852521769e-05
897.0 -7.6120344088949865e-06 1.796727398154419e-05 -1.803071157464777e-05
898.0 -2.3791197090190125e-06 8.80167046792345e-06 -2.8174902716233614e-05
899.0 -7.455094484606484e-06 1.757334396412596e-05 -2.859562235140591e-05
900.0 -1.1491548575746854e-06 1.8753803818433613e-05 -2.884094456042105e-05
901.0 -1.7268684243789962e-06 1.604747353538238e-05 -2.5549846605485805e-05
902.0 1.1423953502765492e-06 1.8008925480978204e-05 -3.364145668590922e-05
903.0 -5.8236790151288105e-06 1.2679964279247686e-05 -3.3405168630837656e-05
904.0 -4.0200826812338417e-07 1.0591150015193441e-05 -3.373502963087476e-05
905.0 -2.1116143443643984e-06 8.123052910211562e-06 -2.66060095174545e-05
906.0 2.630744079675155e-06 1.1070877232417506e-05 -3.9193702729166736e-05
907.0 2.6353049733097703e-06 4.609545786783462e-06 -2.454506838070803e-05
908.0 6.955360029095988e-06 2.5665746508236433e-06 -2.642281283345045e-05
909.0 4.423556633711554e-06 3.157629401180788e-06 -1.8198333718448933e-05
910.0 6.609389490976057e-07 1.8497125897716899e-06 -1.5867268426647367e-05
911.0 3.690355311249376e-06 6.915349821602692e-06 -3.156402580289776e-05
912.0 1.794420970141882e-06 1.7585108085343808e-07 -2.4327861519434703e-05
913.0 9.23525733746694e-06 9.61241867064526e-06 -2.3485656218420745e-05
914.0 6.380027591057795e-06 2.214048780771166e-06 -2.289096161570203e-05
915.0 3.7663600788037084e-06 6.581995875573015e-06 -2.9522212694035544e-05
916.0 7.080058292563064e-06 2.6520708392481355e-06 -2.6910356899854585e-05
917.0 9.753387043552567e-06 -8.513626084366983e-07 -2.4330898469982515e-05
918.0 4.212788796032525e-06 4.3503351720079143e-07 -2.0922329528973106e-05
919.0 3.0213209078080062e-06 3.200619658766376e-06 -2.3704773060868397e-05
920.0 4.599723311216176e-06 -2.7329115289846585e-06 -2.1637913682733086e-05
921.0 7.166039396076804e-06 2.2915774616209807e-06 -9.404537981959374e-06
922.0 1.1669260522097913e-06 8.440392021920321e-06 -3.0920390915050325e-05
923.0 -8.575299016813056e-08 1.241793863925942e-05 -3.5594331437669605e-05
924.0 5.492116564523879e-06 1.278327981913806e-05 -2.8430179224131122e-05
925.0 3.4460636919324524e-07 1.0791449681689335e-05 -2.424384967470138e-05
926.0 3.2510091747698205e-07 1.1503682745457973e-05 -3.269035882266095e-05
927.0 1.690290367935275e-06 4.761927714050881e-06 -2.4889123269982375e-05
928.0 1.1881103161292107e-06 8.037720782017918e-06 -2.3419787789939742e-05
929.0 5.265640015010574e-06 2.5597642892093577e-06 -2.621122886448766e-05
930.0 4.7994901803393645e-06 5.576004564213338e-06 -2.958188862645826e-05
931.0 4.6934860306243696e-06 4.458946792437928e-06 -3.479860150491019e-05
932.0 8.68016590167953e-06 1.375665944277092e-05 -3.0156603876079533e-05
933.0 8.969980307400785e-06 1.0534823192385407e-05 -2.7473226100180695e-05
934.0 5.428555135365196e-06 1.908146140691396e-05 -2.7007802985722457e-05
935.0 1.046809472050841e-05 1.530999811169368e-05 -2.241649677782784e-05
936.0 1.1201797122302794e-05 1.4283513092421527e-05 -2.265398550256398e-05
937.0 1.481420235399207e-05 8.022845591121541e-06 -1.704002859518287e-05
938.0 9.444585812395517e-06 1.007807401984101e-05 -1.6628333885405774e-05
939.0 7.729123424154869e-06 9.107819132706002e-06 -1.9302938052514876e-05
940.0 2.7387736264170165e-06 1.624914150769958e-05 -2.64065754595198e-05
941.0 5.68799011074158e-06 9.334848299064076e-06 -3.107730246157919e-05
942.0 1.043530341319411e-05 1.1374869180279064e-05 -2.2634151542784737e-05
943.0 8.533996389513406e-06 1.1715680866873095e-05 -2.8042277249972858e-05
944.0 1.8380573947008885e-06 1.3737125510145423e-05 -3.0875494351487065e-05
945.0 7.398096561385088e-06 7.497780009471198e-06 -3.134452915537398e-05
946.0 6.666509026087413e-06 1.3243561988318363e-05 -3.0886500838599735e-05
947.0 2.5829169807738125e-06 8.515764194770033e-06 -2.8221967818100167e-05
948.0 9.598687783140747e-06 9.125487530433921e-06 -3.020134254728636e-05
949.0 6.6112188984087816e-06 9.515104869763822e-06 -3.2195421792747355e-05
950.0 1.008188237971143e-05 4.499799252478697e-06 -2.8401564150541276e-05
951.0 7.929722356232869e-06 4.982600705591455e-06 -3.0020182734207147e-05
952.0 7.939632367200817e-06 3.404078341627232e-06 -3.1316028373920505e-05
953.0 5.1620751751663585e-06 3.6069553504953215e-06 -3.567421174740847e-05
954.0 6.33965783955274e-06 8.191875913584184e-06 -4.713068879226224e-05
955.0 -1.1133193289908547e-06 7.30938782188341e-06 -2.9386956835334787e-05
956.0 2.227766688647433e-06 9.10415211137964e-06 -2.9416558623540923e-05
957.0 -1.976309444070625e-06 9.475529852924988e-06 -3.688215273854353e-05
958.0 1.9012814911772838e-06 2.05264363753001e-06 -3.925950980566373e-05
959.0 -2.7297878371295125e-06 6.023516889481001e-06 -3.861787342993703e-05
960.0 -1.7287304034345702e-06 1.5174997949582143e-06 -3.789251312662699e-05
961.0 -6.328339743008781e-06 2.094847317487078e-06 -4.103871770470764e-05
962.0 -1.938681021523426e-06 -2.5523197669881e-06 -3.822215119912937e-05
963.0 2.7798423581759666e-08 -2.2077046972468864e-06 -4.304541908259327e-05
964.0 1.1894246398369978e-06 -4.298659836124609e-06 -4.380348956932249e-05
965.0 -6.165832944241383e-06 -7.192584686195192e-06 -4.7784529723166836e-05
966.0 3.762748963591624e-06 -2.92122636971146e-06 -4.589439186359625e-05
967.0 2.23587274748234e-06 3.592131708132836e-06 -4.839963796985643e-05
968.0 -5.6095509164515625e-06 -3.3769050982083744e-07 -3.937223190191901e-05
969.0 4.726993905357536e-06 1.099370913129081e-07 -4.961587673670077e-05
970.0 3.2381121403527985e-06 -1.607242856849329e-06 -4.175845202720966e-05
971.0 1.0955196745328038e-06 -7.516184648089149e-07 -3.421060711369726e-05
972.0 6.080383249260705e-06 -5.311391338314578e-06 -3.2674254615392076e-05
973.0 1.4378909682335025e-06 -6.524081714019099e-07 -3.224571605409997e-05
974.0 -1.0822452403587498e-06 -6.826216337881761e-07 -4.158700747898691e-05
975.0 -4.4043694981426075e-08 1.2158844120562348e-06 -4.0419874271749214e-05
976.0 -1.4959085777475117e-06 6.049037411714726e-06 -4.2339895300329786e-05
977.0 -1.8661235458082327e-06 4.306357350746415e-06 -4.347008854325347e-05
978.0 -1.969379243620772e-06 6.650101308505543e-06 -4.3118688245124604e-05
979.0 -4.640587363132864e-06 6.657981207975666e-06 -3.771229542389016e-05
980.0 -4.484243446413425e-06 5.3866340639831535e-06 -3.457037030711217e-05
981.0 -2.852673528061938e-06 -1.3304928417986172e-08 -3.621626975152152e-05
982.0 -9.339176714604604e-06 2.8017359638089295e-06 -4.831032474936998e-05
983.0 -1.069109144721436e-05 7.760210301132982e-06 -4.716018443093331e-05
984.0 -8.003091451781789e-06 4.603846307395032e-06 -4.7388339263761216e-05
985.0 -6.712330671328864e-06 9.36525675843271e-06 -5.11247880705273e-05
986.0 -6.69977128664166e-06 9.47081445157778e-06 -5.334407689689335e-05
987.0 -1.008368525725101e-05 9.218543777076534e-06 -4.80497990956785e-05
988.0 -5.823991265887511e-06 7.395936916072834e-06 -4.500938900456542e-05
989.0 -3.7965739406773004e-06 1.0994868221411928e-05 -5.19111408641907e-05
990.0 -3.5570187890753803e-06 5.45367709992472e-06 -4.463132090782281e-05
991.0 -3.5108552978776727e-06 -2.933323002904533e-07 -3.832467912071519e-05
992.0 -4.29023342325522e-06 2.091335070834554e-06 -3.549068976341436e-05
993.0 -2.38698704071825e-06 2.8625427310641266e-06 -2.8515938771828666e-05
994.0 -8.154268009903663e-06 3.2642332453127485e-06 -3.625917237782863e-05
995.0 -9.575463246158553e-06 3.834561628964956e-06 -3.735971829180626e-05
996.0 -1.5852158595568796e-05 9.319813634264648e-06 -4.278288065113113e-05
997.0 -6.277965931317583e-06 1.329453581865417e-05 -6.160253781875974e-05
998.0 -4.3358242261684076e-06 1.3403590306499057e-05 -5.568898562128369e-05
999.0 -4.318046821095139e-06 1.6132548997087287e-05 -5.7240725204774176e-05
