56.6825 0
56.8475 0
57.0125 0
57.1775 0
57.3425 0
57.5075 0
57.6725 0
57.8375 0
58.0025 0
58.1675 0
58.3325 0
58.4975 0
58.6625 0
58.8275 0
58.9925 0
59.1575 0
59.3225 0
59.4875 0
59.6525 0
59.8175 0
59.9825 0
60.1475 0
60.3125 0
60.4775 0
60.6425 0
60.8075 0
60.9725 0
61.1375 0
61.3025 0
61.4675 0
61.6325 0
61.7975 0
61.9625 0
62.1275 0
62.2925 0
62.4575 0
62.6225 0
62.7875 0
62.9525 0
63.1175 0
63.2825 0
63.4475 0
63.6125 0
63.7775 0
63.9425 0
64.1075 0
64.2725 0
64.4375 0
64.6025 0
64.7675 0
64.9325 0
65.0975 0
65.2625 0
65.4275 0
65.5925 0
65.7575 0
65.9225 0
66.0875 0
66.2525 0
66.4175 0
66.5825 0
66.7475 0
66.9125 0
67.0775 0
67.2425 0
67.4075 0
67.5725 0
67.7375 0
67.9025 0
68.0675 0
68.2325 0
68.3975 0
68.5625 0
68.7275 0
68.8925 0
69.0575 0
69.2225 0
69.3875 0
69.5525 0
69.7175 0
69.8825 0
70.0475 5.1713e-08
70.2125 2.95023e-05
70.3775 0.000121836
70.5425 6.65805e-05
70.7075 0.000763128
70.8725 0.00172403
71.0375 0.00161844
71.2025 0.00113086
71.3675 0.000534583
71.5325 0.00175684
71.6975 0.00314345
71.8625 0.00461911
72.0275 0.00430461
72.1925 0.00338593
72.3575 0.00204553
72.5225 0.00139827
72.6875 0.000930291
72.8525 0.000676587
73.0175 0.000389528
73.1825 0.000246697
73.3475 0.000151622
73.5125 0.000125895
73.6775 9.39625e-05
73.8425 8.06205e-05
74.0075 7.30446e-05
74.1725 8.36199e-05
74.3375 8.468e-05
74.5025 9.39108e-05
74.6675 8.20685e-05
74.8325 7.68196e-05
74.9975 6.26761e-05
75.1625 5.34195e-05
75.3275 4.1086e-05
75.4925 3.62767e-05
75.6575 2.92695e-05
75.8225 2.95023e-05
75.9875 2.52876e-05
76.1525 2.74854e-05
76.3175 2.69425e-05
76.4825 2.72527e-05
76.6475 2.63219e-05
76.8125 3.00194e-05
76.9775 2.61926e-05
77.1425 2.70459e-05
77.3075 2.45895e-05
77.4725 2.50291e-05
77.6375 2.10213e-05
77.8025 2.1435e-05
77.9675 1.81771e-05
78.1325 1.79703e-05
78.2975 1.85132e-05
78.4625 1.72463e-05
78.6275 1.72463e-05
78.7925 1.71429e-05
78.9575 1.73238e-05
79.1225 1.64447e-05
79.2875 1.4945e-05
79.4525 1.54105e-05
79.6175 1.44538e-05
79.7825 1.45055e-05
79.9475 1.34971e-05
80.1125 1.36522e-05
80.2775 1.25921e-05
80.4425 1.23853e-05
80.6075 1.16871e-05
80.7725 1.22043e-05
80.9375 1.10407e-05
81.1025 1.22301e-05
81.2675 1.04977e-05
81.4325 1.17388e-05
81.5975 1.08856e-05
81.7625 1.12476e-05
81.9275 9.77375e-06
82.0925 1.00065e-05
82.2575 9.1532e-06
82.4225 8.58435e-06
82.5875 9.02391e-06
82.7525 8.94635e-06
82.9175 8.81706e-06
83.0825 8.17065e-06
83.2475 7.26567e-06
83.4125 8.45507e-06
83.5775 6.98125e-06
83.7425 7.62766e-06
83.9075 7.1881e-06
84.0725 8.3775e-06
84.2375 8.29993e-06
84.4025 8.58435e-06
84.5675 8.19651e-06
84.7325 7.31739e-06
84.8975 8.19651e-06
85.0625 7.67938e-06
85.2275 8.19651e-06
85.3925 8.89463e-06
85.5575 8.53264e-06
85.7225 7.7828e-06
85.8875 7.93794e-06
86.0525 7.55009e-06
86.2175 7.08468e-06
86.3825 7.39496e-06
86.5475 7.11053e-06
86.7125 6.82611e-06
86.8775 6.64512e-06
87.0425 6.33484e-06
87.2075 6.25727e-06
87.3725 6.64512e-06
87.5375 6.07627e-06
87.7025 6.3607e-06
87.8675 5.37815e-06
88.0325 6.07627e-06
88.1975 5.35229e-06
88.3625 6.69683e-06
88.5275 5.84357e-06
88.6925 5.48158e-06
88.8575 5.32644e-06
89.0225 5.09373e-06
89.1875 4.78345e-06
89.3525 5.63671e-06
89.5175 4.65417e-06
89.6825 5.32644e-06
89.8475 3.72333e-06
90.0125 4.3956e-06
90.1775 3.85262e-06
90.3425 4.05947e-06
90.5075 3.77505e-06
90.6725 4.00776e-06
90.8375 3.74919e-06
91.0025 3.02521e-06
91.1675 3.28377e-06
91.3325 3.33549e-06
91.4975 2.63736e-06
91.6625 3.07692e-06
91.8275 2.81836e-06
91.9925 3.49063e-06
92.1575 3.5682e-06
92.3225 2.92178e-06
92.4875 2.99935e-06
92.6525 3.90433e-06
92.8175 3.61991e-06
92.9825 2.66322e-06
93.1475 4.34389e-06
93.3125 4.62831e-06
93.4775 3.67162e-06
93.6425 3.33549e-06
93.8075 3.33549e-06
93.9725 3.59405e-06
94.1375 3.72333e-06
94.3025 3.85262e-06
94.4675 3.54234e-06
94.6325 3.49063e-06
94.7975 3.85262e-06
94.9625 3.51648e-06
95.1275 3.69748e-06
95.2925 4.26632e-06
95.4575 3.30963e-06
95.6225 3.90433e-06
95.7875 3.3872e-06
95.9525 3.82676e-06
96.1175 3.33549e-06
96.2825 3.95604e-06
96.4475 4.18875e-06
96.6125 4.36975e-06
96.7775 4.34389e-06
96.9425 4.55074e-06
97.1075 4.05947e-06
97.2725 4.24046e-06
97.4375 3.69748e-06
97.6025 4.21461e-06
97.7675 4.08533e-06
97.9325 3.93019e-06
98.0975 3.77505e-06
98.2625 3.95604e-06
98.4275 3.18035e-06
98.5925 3.46477e-06
98.7575 3.25792e-06
98.9225 3.85262e-06
99.0875 3.36134e-06
99.2525 4.03361e-06
99.4175 3.30963e-06
99.5825 4.11118e-06
99.7475 3.18035e-06
99.9125 3.05107e-06
100.0775 3.25792e-06
100.2425 3.64576e-06
100.4075 3.02521e-06
100.5725 2.7925e-06
100.7375 2.94764e-06
100.9025 3.15449e-06
101.0675 3.87847e-06
101.2325 3.64576e-06
101.3975 3.54234e-06
101.5625 3.59405e-06
101.7275 3.61991e-06
101.8925 3.87847e-06
102.0575 3.5682e-06
102.2225 4.21461e-06
102.3875 3.59405e-06
102.5525 4.21461e-06
102.7175 3.30963e-06
102.8825 3.64576e-06
103.0475 3.41306e-06
103.2125 3.41306e-06
103.3775 3.30963e-06
103.5425 3.59405e-06
103.7075 2.81836e-06
103.8725 2.87007e-06
104.0375 2.66322e-06
104.2025 3.05107e-06
104.3675 2.71493e-06
104.5325 3.28377e-06
104.6975 2.84421e-06
104.8625 3.10278e-06
105.0275 2.3788e-06
105.1925 2.76664e-06
105.3575 2.3788e-06
105.5225 2.22366e-06
105.6875 1.93924e-06
105.8525 3.02521e-06
106.0175 2.61151e-06
106.1825 2.32708e-06
106.3475 2.66322e-06
106.5125 2.43051e-06
106.6775 2.24951e-06
106.8425 2.84421e-06
107.0075 2.84421e-06
107.1725 2.92178e-06
107.3375 2.66322e-06
107.5025 2.81836e-06
107.6675 2.48222e-06
107.8325 2.89593e-06
107.9975 2.87007e-06
108.1625 2.89593e-06
108.3275 2.40465e-06
108.4925 2.53394e-06
108.6575 2.89593e-06
108.8225 2.76664e-06
108.9875 3.49063e-06
109.1525 3.49063e-06
109.3175 2.81836e-06
109.4825 2.71493e-06
109.6475 2.45637e-06
109.8125 2.87007e-06
109.9775 2.84421e-06
110.1425 2.84421e-06
110.3075 3.12863e-06
110.4725 2.9735e-06
110.6375 3.2062e-06
110.8025 3.18035e-06
110.9675 2.92178e-06
111.1325 2.92178e-06
111.2975 2.99935e-06
111.4625 3.33549e-06
111.6275 3.18035e-06
111.7925 3.54234e-06
111.9575 3.82676e-06
112.1225 4.08533e-06
112.2875 3.77505e-06
112.4525 4.29218e-06
112.6175 3.74919e-06
112.7825 4.34389e-06
112.9475 4.60245e-06
113.1125 4.42146e-06
113.2775 4.36975e-06
113.4425 4.21461e-06
113.6075 3.69748e-06
113.7725 5.04202e-06
113.9375 4.36975e-06
114.1025 3.64576e-06
114.2675 3.41306e-06
114.4325 3.64576e-06
114.5975 3.82676e-06
114.7625 3.36134e-06
114.9275 3.28377e-06
115.0925 3.87847e-06
115.2575 3.36134e-06
115.4225 3.36134e-06
115.5875 3.64576e-06
115.7525 3.82676e-06
115.9175 3.46477e-06
116.0825 3.72333e-06
116.2475 3.59405e-06
116.4125 4.83516e-06
116.5775 3.69748e-06
116.7425 4.31803e-06
116.9075 3.77505e-06
117.0725 3.54234e-06
117.2375 4.00776e-06
117.4025 4.18875e-06
117.5675 3.5682e-06
117.7325 3.9819e-06
117.8975 3.82676e-06
118.0625 4.96445e-06
118.2275 3.54234e-06
118.3925 4.21461e-06
118.5575 3.36134e-06
118.7225 3.74919e-06
118.8875 3.90433e-06
119.0525 3.9819e-06
119.2175 4.36975e-06
119.3825 3.43891e-06
119.5475 3.23206e-06
119.7125 3.25792e-06
119.8775 3.25792e-06
120.0425 3.43891e-06
120.2075 3.25792e-06
120.3725 3.49063e-06
120.5375 3.18035e-06
120.7025 3.07692e-06
120.8675 3.3872e-06
121.0325 3.49063e-06
121.1975 3.2062e-06
121.3625 3.2062e-06
121.5275 2.84421e-06
121.6925 3.3872e-06
121.8575 2.81836e-06
122.0225 3.15449e-06
122.1875 2.68907e-06
122.3525 3.12863e-06
122.5175 2.81836e-06
122.6825 2.92178e-06
122.8475 2.76664e-06
123.0125 3.18035e-06
123.1775 3.10278e-06
123.3425 2.81836e-06
123.5075 2.50808e-06
123.6725 2.89593e-06
123.8375 2.50808e-06
124.0025 3.10278e-06
124.1675 3.12863e-06
124.3325 2.61151e-06
124.4975 2.48222e-06
124.6625 2.71493e-06
124.8275 2.89593e-06
124.9925 2.66322e-06
125.1575 2.61151e-06
125.3225 2.81836e-06
125.4875 3.02521e-06
125.6525 3.3872e-06
125.8175 2.61151e-06
125.9825 3.12863e-06
126.1475 2.76664e-06
126.3125 3.15449e-06
126.4775 3.05107e-06
126.6425 3.59405e-06
126.8075 2.94764e-06
126.9725 3.10278e-06
127.1375 2.76664e-06
127.3025 2.9735e-06
127.4675 3.05107e-06
127.6325 2.68907e-06
127.7975 1.91338e-06
127.9625 2.48222e-06
128.1275 2.32708e-06
128.2925 2.74079e-06
128.4575 1.83581e-06
128.6225 2.55979e-06
128.7875 1.93924e-06
128.9525 2.22366e-06
129.1175 1.70653e-06
129.2825 2.40465e-06
129.4475 2.30123e-06
129.6125 2.1978e-06
129.7775 1.68067e-06
129.9425 1.83581e-06
130.1075 1.91338e-06
130.2725 2.06852e-06
130.4375 1.49968e-06
130.6025 1.91338e-06
130.7675 1.83581e-06
130.9325 2.09438e-06
131.0975 2.06852e-06
131.2625 2.09438e-06
131.4275 1.70653e-06
131.5925 1.31868e-06
131.7575 1.24111e-06
131.9225 1.68067e-06
132.0875 1.49968e-06
132.2525 1.6031e-06
132.4175 1.6031e-06
132.5825 1.96509e-06
132.7475 1.55139e-06
132.9125 2.01681e-06
133.0775 2.01681e-06
133.2425 1.62896e-06
133.4075 2.22366e-06
133.5725 2.09438e-06
133.7375 2.14609e-06
133.9025 2.30123e-06
134.0675 2.71493e-06
134.2325 2.1978e-06
134.3975 2.50808e-06
134.5625 2.71493e-06
134.7275 2.48222e-06
134.8925 2.48222e-06
135.0575 2.43051e-06
135.2225 2.71493e-06
135.3875 2.24951e-06
135.5525 2.87007e-06
135.7175 3.12863e-06
135.8825 3.30963e-06
136.0475 3.61991e-06
136.2125 3.5682e-06
136.3775 2.71493e-06
136.5425 2.68907e-06
136.7075 3.02521e-06
136.8725 2.99935e-06
137.0375 2.7925e-06
137.2025 3.36134e-06
137.3675 2.40465e-06
137.5325 3.18035e-06
137.6975 3.15449e-06
137.8625 3.5682e-06
138.0275 2.53394e-06
138.1925 3.51648e-06
138.3575 3.33549e-06
138.5225 3.15449e-06
138.6875 3.15449e-06
138.8525 3.49063e-06
139.0175 2.76664e-06
139.1825 3.54234e-06
139.3475 2.99935e-06
139.5125 2.3788e-06
139.6775 2.09438e-06
139.8425 2.7925e-06
140.0075 2.14609e-06
140.1725 2.04266e-06
140.3375 2.27537e-06
140.5025 2.09438e-06
140.6675 1.86167e-06
140.8325 2.22366e-06
140.9975 2.04266e-06
141.1625 2.7925e-06
141.3275 2.27537e-06
141.4925 2.58565e-06
141.6575 2.55979e-06
141.8225 2.06852e-06
141.9875 2.45637e-06
142.1525 2.50808e-06
142.3175 2.71493e-06
142.4825 3.33549e-06
142.6475 3.46477e-06
142.8125 3.51648e-06
142.9775 2.9735e-06
143.1425 3.51648e-06
143.3075 3.54234e-06
143.4725 3.41306e-06
143.6375 3.12863e-06
143.8025 2.99935e-06
143.9675 2.89593e-06
144.1325 4.03361e-06
144.2975 3.23206e-06
144.4625 3.69748e-06
144.6275 4.00776e-06
144.7925 3.90433e-06
144.9575 3.3872e-06
145.1225 3.54234e-06
145.2875 3.41306e-06
145.4525 3.51648e-06
145.6175 3.10278e-06
145.7825 3.25792e-06
145.9475 2.99935e-06
146.1125 3.10278e-06
146.2775 3.36134e-06
146.4425 3.67162e-06
146.6075 2.84421e-06
146.7725 2.58565e-06
146.9375 2.50808e-06
147.1025 2.7925e-06
147.2675 2.89593e-06
147.4325 2.71493e-06
147.5975 2.84421e-06
147.7625 2.35294e-06
147.9275 2.43051e-06
148.0925 2.63736e-06
148.2575 1.93924e-06
148.4225 1.7841e-06
148.5875 1.73238e-06
148.7525 2.14609e-06
148.9175 1.96509e-06
149.0825 2.27537e-06
149.2475 1.93924e-06
149.4125 2.17195e-06
149.5775 1.73238e-06
149.7425 1.91338e-06
149.9075 2.22366e-06
150.0725 2.06852e-06
150.2375 2.48222e-06
150.4025 2.32708e-06
150.5675 2.43051e-06
150.7325 2.50808e-06
150.8975 2.89593e-06
151.0625 2.53394e-06
151.2275 2.17195e-06
151.3925 3.69748e-06
151.5575 2.76664e-06
151.7225 2.40465e-06
151.8875 2.35294e-06
152.0525 3.07692e-06
152.2175 2.40465e-06
152.3825 2.92178e-06
152.5475 3.12863e-06
152.7125 2.84421e-06
152.8775 3.49063e-06
153.0425 3.30963e-06
153.2075 3.25792e-06
153.3725 2.99935e-06
153.5375 2.71493e-06
153.7025 3.18035e-06
153.8675 3.05107e-06
154.0325 3.49063e-06
154.1975 3.33549e-06
154.3625 3.85262e-06
154.5275 3.43891e-06
154.6925 3.41306e-06
154.8575 4.24046e-06
155.0225 3.28377e-06
155.1875 3.15449e-06
155.3525 3.67162e-06
155.5175 3.3872e-06
155.6825 3.72333e-06
155.8475 3.43891e-06
156.0125 3.25792e-06
156.1775 4.13704e-06
156.3425 3.95604e-06
156.5075 4.03361e-06
156.672 4.5766e-06
156.838 3.93019e-06
157.002 4.24046e-06
157.168 3.41306e-06
157.332 4.16289e-06
157.498 4.24046e-06
157.662 4.42146e-06
157.828 4.75759e-06
157.992 5.14544e-06
158.158 4.42146e-06
158.322 3.9819e-06
158.488 3.87847e-06
158.652 5.19715e-06
158.818 4.3956e-06
158.982 4.47317e-06
159.148 5.09373e-06
159.312 5.06787e-06
159.478 4.60245e-06
159.642 5.06787e-06
159.808 4.75759e-06
159.972 4.80931e-06
160.138 4.83516e-06
160.302 5.09373e-06
160.468 5.37815e-06
160.632 4.55074e-06
160.798 4.68002e-06
160.962 4.42146e-06
161.128 4.88688e-06
161.292 4.93859e-06
161.458 4.24046e-06
161.622 4.80931e-06
161.788 4.65417e-06
161.952 5.68843e-06
162.118 4.49903e-06
162.282 4.29218e-06
162.448 4.31803e-06
162.612 4.78345e-06
162.778 4.42146e-06
162.942 3.95604e-06
163.108 4.9903e-06
163.272 4.34389e-06
163.438 3.85262e-06
163.602 4.65417e-06
163.768 4.16289e-06
163.932 4.29218e-06
164.098 4.24046e-06
164.262 4.62831e-06
164.428 4.03361e-06
164.592 4.49903e-06
164.758 4.44732e-06
164.922 4.24046e-06
165.088 4.29218e-06
165.252 4.26632e-06
165.418 4.3956e-06
165.582 5.30058e-06
165.748 4.16289e-06
165.912 4.08533e-06
166.078 4.47317e-06
166.242 4.34389e-06
166.408 3.9819e-06
166.572 4.05947e-06
166.738 3.72333e-06
166.902 4.42146e-06
167.068 3.61991e-06
167.232 4.26632e-06
167.398 4.03361e-06
167.562 4.55074e-06
167.728 5.14544e-06
167.892 5.97285e-06
168.058 4.86102e-06
168.222 5.61086e-06
168.388 5.11958e-06
168.552 5.09373e-06
168.718 5.1713e-06
168.882 4.75759e-06
169.048 4.44732e-06
169.212 5.53329e-06
169.378 4.73174e-06
169.542 5.01616e-06
169.708 4.42146e-06
169.872 4.62831e-06
170.038 4.26632e-06
170.202 4.60245e-06
170.367 4.03361e-06
170.532 5.50743e-06
170.697 4.34389e-06
170.862 5.50743e-06
171.027 4.52489e-06
171.192 4.86102e-06
171.357 4.83516e-06
171.522 4.44732e-06
171.687 4.3956e-06
171.852 5.24887e-06
172.017 5.37815e-06
172.182 4.68002e-06
172.347 4.34389e-06
172.512 4.80931e-06
172.677 5.04202e-06
172.843 6.02456e-06
173.007 5.32644e-06
173.173 6.20556e-06
173.337 5.94699e-06
173.503 5.92114e-06
173.667 5.32644e-06
173.833 5.92114e-06
173.997 5.04202e-06
174.163 5.37815e-06
174.327 5.53329e-06
174.493 5.55915e-06
174.657 5.22301e-06
174.823 5.14544e-06
174.987 4.78345e-06
175.153 5.89528e-06
175.317 4.91273e-06
175.483 6.25727e-06
175.647 5.585e-06
175.813 6.38655e-06
175.977 5.61086e-06
176.143 5.97285e-06
176.307 6.23141e-06
176.473 5.86942e-06
176.637 5.79185e-06
176.803 5.68843e-06
176.967 5.09373e-06
177.133 5.68843e-06
177.297 4.11118e-06
177.463 5.79185e-06
177.627 5.1713e-06
177.793 5.09373e-06
177.957 4.96445e-06
178.123 5.24887e-06
178.287 4.78345e-06
178.453 4.96445e-06
178.617 4.52489e-06
178.783 4.83516e-06
178.947 4.03361e-06
179.113 4.93859e-06
179.277 4.05947e-06
179.443 4.62831e-06
179.607 4.36975e-06
179.773 4.44732e-06
179.937 5.01616e-06
180.103 4.52489e-06
180.267 4.31803e-06
180.433 4.55074e-06
180.597 5.06787e-06
180.763 4.86102e-06
180.927 4.29218e-06
181.093 4.26632e-06
181.257 3.74919e-06
181.423 3.95604e-06
181.587 4.13704e-06
181.753 3.82676e-06
181.917 3.90433e-06
182.083 4.47317e-06
182.247 4.18875e-06
182.413 4.18875e-06
182.577 4.55074e-06
182.743 3.9819e-06
182.907 3.3872e-06
183.073 3.93019e-06
183.237 4.05947e-06
183.403 4.88688e-06
183.567 3.95604e-06
183.733 5.30058e-06
183.897 4.52489e-06
184.063 4.91273e-06
184.227 4.65417e-06
184.393 5.27472e-06
184.557 5.50743e-06
184.723 5.32644e-06
184.887 5.84357e-06
185.053 6.10213e-06
185.217 5.22301e-06
185.383 5.09373e-06
185.547 5.97285e-06
185.713 5.68843e-06
185.877 5.35229e-06
186.043 5.37815e-06
186.207 5.45572e-06
186.373 6.61926e-06
186.537 6.43827e-06
186.703 5.50743e-06
186.867 4.78345e-06
187.033 5.11958e-06
187.197 5.06787e-06
187.363 5.53329e-06
187.527 4.86102e-06
187.693 5.71428e-06
187.857 5.22301e-06
188.023 5.19715e-06
188.187 4.80931e-06
188.353 5.06787e-06
188.517 4.60245e-06
188.683 6.10213e-06
188.847 5.45572e-06
189.013 5.79185e-06
189.177 5.92114e-06
189.343 5.01616e-06
189.507 5.86942e-06
189.673 6.28313e-06
189.837 5.585e-06
190.003 5.81771e-06
190.167 4.70588e-06
190.333 5.61086e-06
190.497 5.11958e-06
190.662 4.9903e-06
190.827 4.60245e-06
190.992 5.97285e-06
191.157 5.24887e-06
191.322 5.94699e-06
191.487 5.50743e-06
191.652 6.30898e-06
191.817 6.28313e-06
191.982 6.51583e-06
192.147 6.92954e-06
192.312 8.24822e-06
192.477 7.60181e-06
192.642 7.80866e-06
192.807 7.03296e-06
192.972 7.67938e-06
193.137 6.80026e-06
193.302 8.48093e-06
193.467 6.5934e-06
193.632 8.04137e-06
193.797 6.74854e-06
193.962 8.11894e-06
194.128 6.92954e-06
194.292 7.52424e-06
194.458 7.65352e-06
194.622 7.7828e-06
194.788 7.26567e-06
194.952 7.21396e-06
195.118 6.61926e-06
195.282 7.39496e-06
195.448 7.31739e-06
195.612 7.13639e-06
195.778 6.56755e-06
195.942 7.23982e-06
196.108 6.51583e-06
196.272 7.03296e-06
196.438 6.61926e-06
196.602 7.42081e-06
196.768 6.61926e-06
196.932 7.44667e-06
197.098 5.92114e-06
197.262 7.86037e-06
197.428 7.03296e-06
197.592 7.49838e-06
197.758 7.47252e-06
197.922 8.45507e-06
198.088 7.67938e-06
198.252 8.01551e-06
198.418 8.14479e-06
198.582 7.65352e-06
198.748 7.26567e-06
198.912 8.40336e-06
199.078 7.70523e-06
199.242 8.19651e-06
199.408 7.42081e-06
199.572 8.84292e-06
199.738 7.16225e-06
199.902 7.73109e-06
200 2.97e-06
500 2.97e-06

