56.875 0
57.425 0
57.975 0
58.525 0
59.075 0
59.625 0
60.175 0
60.725 0
61.275 0
61.825 0
62.375 0
62.925 0
63.475 0
64.025 0
64.575 0
65.125 0
65.675 0
66.225 0
66.775 0
67.325 0
67.875 0
68.425 0
68.975 0
69.525 1.7685e-07
70.075 0.0010973
70.625 0.00247309
71.175 0.00542442
71.725 0.000272025
72.275 0.000565448
72.825 0.000199413
73.375 5.54572e-05
73.925 6.61714e-05
74.475 0.000119506
75.025 2.76918e-05
75.575 1.14068e-05
76.125 8.20879e-06
76.675 1.0051e-05
77.225 9.37305e-06
77.775 9.72675e-06
78.325 1.28658e-05
78.875 1.27037e-05
79.425 1.44722e-05
79.975 1.59607e-05
80.525 1.23058e-05
81.075 1.39859e-05
81.625 2.61591e-05
82.175 3.62542e-05
82.725 5.2156e-05
83.275 7.33191e-05
83.825 8.24858e-05
84.375 6.87504e-05
84.925 4.71158e-05
85.475 3.44563e-05
86.025 3.13467e-05
86.575 2.34326e-05
87.125 1.8923e-05
87.675 1.57544e-05
88.225 1.39564e-05
88.775 1.3028e-05
89.325 1.3809e-05
89.875 1.28658e-05
90.425 1.51059e-05
90.975 1.85103e-05
91.525 2.59233e-05
92.075 2.9534e-05
92.625 3.36752e-05
93.175 4.17956e-05
93.725 3.53847e-05
94.275 1.77587e-05
94.825 8.59196e-06
95.375 5.3055e-06
95.925 3.15382e-06
96.475 2.5938e-06
97.025 2.52011e-06
97.575 3.09488e-06
98.125 2.85908e-06
98.675 3.00645e-06
99.225 2.75591e-06
99.775 2.99171e-06
100.325 2.84434e-06
100.875 3.59595e-06
101.425 3.15382e-06
101.975 2.81486e-06
102.525 3.36015e-06
103.075 3.28646e-06
103.625 2.85908e-06
104.175 2.78539e-06
104.725 3.03593e-06
105.275 2.88855e-06
105.825 2.49064e-06
106.375 2.1222e-06
106.925 1.90114e-06
107.475 1.32638e-06
108.025 1.45901e-06
108.575 9.28463e-07
109.125 8.40038e-07
109.675 1.09058e-06
110.225 1.16426e-06
110.775 1.57691e-06
111.325 1.57691e-06
111.875 1.179e-06
112.425 9.87413e-07
112.975 9.72675e-07
113.525 6.4845e-07
114.075 7.81087e-07
114.625 1.01689e-06
115.175 6.18975e-07
115.725 3.68437e-07
116.275 4.27388e-07
116.825 5.74763e-07
117.375 2.80012e-07
117.925 4.1265e-07
118.475 4.56863e-07
119.025 9.57938e-07
119.575 8.8425e-07
120.125 7.81087e-07
120.675 8.253e-07
121.225 1.01689e-06
121.775 1.20847e-06
122.325 9.72675e-07
122.875 7.22138e-07
123.425 7.51613e-07
123.975 5.15812e-07
124.525 4.56863e-07
125.075 5.01075e-07
125.625 7.81087e-07
126.175 8.8425e-07
126.725 6.92662e-07
127.275 8.54775e-07
127.825 9.28463e-07
128.375 8.69512e-07
128.925 1.56217e-06
129.475 1.54744e-06
130.025 1.51796e-06
130.575 1.6506e-06
131.125 1.2969e-06
131.675 1.28216e-06
132.225 2.04851e-06
132.775 2.28431e-06
133.325 2.4759e-06
133.875 2.81486e-06
134.425 2.65275e-06
134.975 2.44643e-06
135.525 2.43169e-06
136.075 1.75376e-06
136.625 2.53485e-06
137.175 2.22536e-06
137.725 2.72644e-06
138.275 2.52011e-06
138.825 2.87381e-06
139.375 2.9475e-06
139.925 3.1833e-06
140.475 3.1833e-06
141.025 2.78539e-06
141.575 3.08014e-06
142.125 3.00645e-06
142.675 3.16856e-06
143.225 2.87381e-06
143.775 2.77065e-06
144.325 2.60854e-06
144.875 2.2401e-06
145.425 1.75376e-06
145.975 1.60639e-06
146.525 1.81271e-06
147.075 1.6506e-06
147.625 1.38532e-06
148.175 1.28216e-06
148.725 1.20847e-06
149.275 1.13479e-06
149.825 8.69512e-07
150.375 7.95825e-07
150.925 8.253e-07
151.475 7.074e-07
152.025 5.15812e-07
152.575 3.68437e-07
153.125 5.3055e-07
153.675 6.33713e-07
154.225 7.36875e-07
154.775 5.3055e-07
155.325 1.00215e-06
155.875 1.22321e-06
156.425 9.28463e-07
156.975 8.69512e-07
157.525 8.54775e-07
158.075 8.10563e-07
158.625 1.01689e-06
159.175 1.179e-06
159.725 1.47375e-06
160.275 1.54744e-06
160.825 1.54744e-06
161.375 1.5327e-06
161.925 1.179e-06
162.475 1.31164e-06
163.025 1.0611e-06
163.575 1.12005e-06
164.125 9.432e-07
164.675 1.19374e-06
165.225 1.07584e-06
165.775 7.074e-07
166.325 6.92662e-07
166.875 6.92662e-07
167.425 6.77925e-07
167.975 1.07584e-06
168.525 1.31164e-06
169.075 1.51796e-06
169.625 1.56217e-06
170.175 1.69481e-06
170.725 1.98956e-06
171.275 1.93061e-06
171.825 2.09273e-06
172.375 1.81271e-06
172.925 2.52011e-06
173.475 2.88855e-06
174.025 2.74118e-06
174.575 2.90329e-06
175.125 3.12435e-06
175.675 3.33067e-06
176.225 4.5981e-06
176.775 4.4802e-06
177.325 4.58336e-06
177.875 4.8339e-06
178.425 4.73074e-06
178.975 4.18545e-06
179.525 4.17071e-06
180.075 4.93706e-06
180.625 5.48235e-06
181.175 4.78969e-06
181.725 4.70126e-06
182.275 5.45288e-06
182.825 4.84864e-06
183.375 5.57077e-06
183.925 6.1308e-06
184.475 5.37919e-06
185.025 5.74763e-06
185.575 5.37919e-06
186.125 6.0129e-06
186.675 5.83605e-06
187.225 5.99816e-06
187.775 5.68868e-06
188.325 6.20449e-06
188.875 5.14339e-06
189.425 5.55604e-06
189.975 5.34971e-06
190.525 5.39393e-06
191.075 5.29076e-06
191.625 6.18975e-06
192.175 5.34971e-06
192.725 4.93706e-06
193.275 5.27603e-06
193.825 5.86552e-06
194.375 5.86552e-06
194.925 5.98343e-06
195.475 4.98128e-06
196.025 4.52441e-06
196.575 4.77495e-06
197.125 4.8339e-06
197.675 4.716e-06
198.225 5.01075e-06
198.775 5.96869e-06
199.325 5.1876e-06
199.875 5.04023e-06
200 2.7e-06
500 2.7e-06

