57.425 0
59.075 0
60.725 0
62.375 0
64.025 0
65.675 0
67.325 0
68.975 6.04237e-07
70.625 0.0021138
72.275 0.000886495
73.925 6.34695e-05
75.575 3.5424e-05
77.225 2.4533e-05
78.875 1.65404e-05
80.525 9.54007e-06
82.175 1.19226e-05
83.825 9.71201e-06
85.475 1.02868e-05
87.125 1.30918e-05
88.775 1.85889e-05
90.425 2.34965e-05
92.075 2.81191e-05
93.725 2.94996e-05
95.375 2.94603e-05
97.025 2.64587e-05
98.675 2.23568e-05
100.325 1.82008e-05
101.975 1.96254e-05
103.625 1.45508e-05
105.275 1.41922e-05
106.925 1.16918e-05
108.575 1.06945e-05
110.225 8.74425e-06
111.875 7.91895e-06
113.525 6.05711e-06
115.175 6.25852e-06
116.825 7.74701e-06
118.475 7.76175e-06
120.125 7.16734e-06
121.775 5.89009e-06
123.425 5.6199e-06
125.075 6.0129e-06
126.725 5.37427e-06
128.375 5.05987e-06
130.025 4.29844e-06
131.675 4.77004e-06
133.325 5.07461e-06
134.975 6.92171e-06
136.625 6.49924e-06
138.275 6.11115e-06
139.925 5.83114e-06
141.575 6.48941e-06
143.225 6.80872e-06
144.875 6.78907e-06
146.525 7.16242e-06
148.175 8.32669e-06
149.825 7.31471e-06
151.475 7.57999e-06
153.125 7.40805e-06
154.775 8.49862e-06
156.425 6.84311e-06
158.075 8.87689e-06
159.725 8.79337e-06
161.375 9.28462e-06
163.025 8.0958e-06
164.675 7.25085e-06
166.325 6.93154e-06
167.975 7.58981e-06
169.625 7.67824e-06
171.275 6.3273e-06
172.925 6.8775e-06
174.575 7.40314e-06
176.225 7.8207e-06
177.875 7.96807e-06
179.525 8.70986e-06
181.175 8.60179e-06
182.825 8.23826e-06
184.475 6.94627e-06
186.125 6.68591e-06
187.775 6.44029e-06
189.425 6.46976e-06
191.075 5.79184e-06
192.725 4.98619e-06
194.375 6.46485e-06
196.025 6.6024e-06
197.675 8.1744e-06
199.325 8.62144e-06
200 2.7e-06
500 2.7e-06

