0.000000000000000000e+00 3.189596637908988646e-06 1.739203307114154248e-06 3.462213208542921353e-07
0.000000000000000000e+00 5.704243442487563880e-09 5.747107893492795705e-09 1.110666032849018053e-08
0.000000000000000000e+00 1.398518462302489600e-04 0.000000000000000000e+00 0.000000000000000000e+00
0.000000000000000000e+00 0.000000000000000000e+00 0.000000000000000000e+00 0.000000000000000000e+00
3.199000000000000000e+05 -2.103401658312779973e-06 5.929725192474336656e-05 -1.284646702887686713e-04
3.199010000000000000e+05 2.744088032441592486e-05 9.546809095706489297e-06 1.160263257803410483e-04
3.199020000000000000e+05 -8.290073738667890421e-06 -9.812442307298818007e-05 -6.883594644960133626e-05
3.199030000000000000e+05 6.073235670781916681e-05 -8.099031327566878866e-05 2.364578356803651341e-05
3.199040000000000000e+05 -3.418237415468349200e-05 -2.683563790302176296e-05 1.524944376743973828e-04
3.199050000000000000e+05 1.455214889771582615e-04 4.895527121716899792e-05 -7.321238046655409828e-05
3.199060000000000000e+05 -4.387065086501035064e-05 -4.726655799588482004e-05 1.561199417753685132e-05
3.199070000000000000e+05 -6.702362035840346653e-05 -1.880353831006896786e-05 2.218042238091104379e-04
3.199080000000000000e+05 3.866194770590125797e-05 -2.489029820801667110e-05 4.140183282224495643e-05
3.199090000000000000e+05 -1.274050748770990761e-05 3.603460303646005591e-05 -1.513423116490417533e-04
3.199100000000000000e+05 -8.085892624025043675e-05 3.580010078824563826e-05 -3.586938868174674585e-05
3.199110000000000000e+05 9.208242584454578701e-05 1.086407164634442535e-04 8.948511523551613118e-05
3.199120000000000000e+05 2.236580715169172312e-05 -1.182235585954916356e-04 4.854295476155810047e-05
3.199130000000000000e+05 -1.387085570400096329e-04 1.780398745829584980e-04 5.930094471812678457e-05
3.199140000000000000e+05 1.592392487397846675e-04 -2.277269352497983702e-05 4.258888800233458065e-05
3.199150000000000000e+05 8.248942547025194178e-05 5.241222712479385871e-05 -5.889457717907656216e-05
3.199160000000000000e+05 -3.127154241293132844e-05 -3.141987105887503195e-05 3.807751790114894958e-06
3.199170000000000000e+05 2.264963262987401650e-05 3.806060695631611069e-05 -1.000299265411448474e-04
3.199180000000000000e+05 7.068255104851236105e-05 1.098847939293318436e-04 -8.323022794157098768e-05
3.199190000000000000e+05 -5.614035077574050015e-05 -1.072971850511891069e-04 -4.001825135183192147e-05
3.199200000000000000e+05 -2.511384262081181080e-05 -6.037197537977932662e-05 -5.623964875529495651e-05
3.199210000000000000e+05 -2.566117695773513757e-05 1.010401635676723409e-04 -6.849420701952871533e-05
3.199220000000000000e+05 1.237843901537020628e-04 -2.887268491904071408e-05 -4.053248617401624472e-05
3.199230000000000000e+05 1.083989541292143045e-05 -5.991104485528527402e-05 -7.282230287892212616e-05
3.199240000000000000e+05 3.179328845466656412e-05 1.371106549934203889e-05 1.440671906960245923e-04
3.199250000000000000e+05 5.469914013469756001e-05 1.293986077911009737e-04 -7.607950480393094379e-05
3.199260000000000000e+05 5.165332450281376819e-06 8.913349839980996370e-05 -1.559895767836059300e-05
3.199270000000000000e+05 7.590107224654513542e-05 3.511006489216462724e-05 -1.272660771519259994e-04
3.199280000000000000e+05 4.792543566643080080e-05 4.079412925008885169e-05 -2.784246968906986611e-05
3.199290000000000000e+05 -2.116263808797894756e-05 -1.365754426291588565e-04 -5.281107730868038534e-05
3.199300000000000000e+05 -1.657857737024859214e-04 2.327142854917650704e-05 -1.627160855894316249e-04
3.199310000000000000e+05 -5.465221758178224012e-05 5.795086766960284073e-06 -6.661425929344136918e-05
3.199320000000000000e+05 1.021360143471154478e-05 3.479862383943641571e-05 -1.020912487130611821e-04
3.199330000000000000e+05 -6.900137828436438950e-05 7.737116805579158818e-05 -3.382806575482537412e-05
3.199340000000000000e+05 -3.951434513271093196e-05 -9.313289989661566876e-05 9.398771696222141020e-05
3.199350000000000000e+05 -5.272610533972545735e-05 3.749008448272606037e-05 1.118959288665190050e-05
3.199360000000000000e+05 1.236012914525203867e-04 3.969408145211229035e-05 1.399250370805251462e-04
3.199370000000000000e+05 -3.802976497662842020e-05 -1.540630815683822759e-04 1.787241948206779059e-04
3.199380000000000000e+05 1.093239919940274050e-04 2.126544521250248518e-05 -4.567428995406811723e-05
3.199390000000000000e+05 3.667464936947732019e-05 2.058156522021483472e-05 -3.194480436478263691e-05
3.199400000000000000e+05 1.090238104843964368e-04 1.458822705866647928e-04 9.821803638898504675e-05
3.199410000000000000e+05 2.245767265850931568e-05 1.058095520952312971e-04 8.118525570761740955e-05
3.199420000000000000e+05 -6.313678069082853550e-06 2.028102952744111141e-05 9.210386862454022464e-05
3.199430000000000000e+05 1.255757441074291869e-04 6.043440510636305775e-06 -2.033579450784418947e-04
3.199440000000000000e+05 -7.648321583192642045e-05 -2.473009864727480591e-05 9.131181159451704919e-05
3.199450000000000000e+05 5.369761561348110161e-05 2.884372438448087756e-05 1.067758256262982654e-04
3.199460000000000000e+05 -5.918705488668371355e-05 6.197042664630407884e-05 -8.709559345807465309e-05
3.199470000000000000e+05 -7.575794509173631596e-05 -3.908020308135690525e-05 -9.593817571913762043e-05
3.199480000000000000e+05 4.725713231799988476e-05 -1.347851154961070134e-04 -8.822839835524729011e-05
3.199490000000000000e+05 -5.964351607058857100e-05 -6.167832826935461233e-05 9.245234978859910189e-05
3.199500000000000000e+05 -8.072290159552630905e-05 -6.426106932330036910e-05 3.672377075358392918e-05
3.199510000000000000e+05 -9.860783719249459266e-06 -1.865506504590255644e-05 1.175137127017180202e-04
3.199520000000000000e+05 3.230919381821746638e-06 4.166088159195219481e-05 -1.237121890860709897e-04
3.199530000000000000e+05 -5.972407451078047281e-05 -1.942367940487027414e-05 1.750305114604705839e-05
3.199540000000000000e+05 2.894360599944567614e-05 -1.320687151885311154e-04 7.223528837902920877e-05
3.199550000000000000e+05 -6.669265037030575125e-05 -4.578228350085076863e-05 1.338790153835647089e-05
3.199560000000000000e+05 -5.290928062495797152e-06 -8.538268971704452153e-05 -1.767955098826135178e-05
3.199570000000000000e+05 -5.304655119839458505e-05 -6.440871915798457119e-05 8.613188699597987209e-05
3.199580000000000000e+05 5.553484736792972388e-05 -8.531886489294870815e-05 3.309013125809518807e-04
3.199590000000000000e+05 6.260333542194511218e-05 -1.234382664878835108e-04 -3.126793377882217296e-05
3.199600000000000000e+05 -8.524915341786457686e-05 -5.782223839094753577e-05 1.582956433008394657e-04
3.199610000000000000e+05 -4.410038663347230954e-05 -2.860911006182404468e-05 -1.843583250782195233e-05
3.199620000000000000e+05 -1.691930624430281968e-04 -1.017960205286651486e-05 -2.798725342105098802e-05
3.199630000000000000e+05 -4.225616078088499444e-05 6.649414449630236502e-05 3.734354975300126499e-05
3.199640000000000000e+05 9.838280294298322828e-05 8.176865082576950498e-05 -5.770818456429380389e-05
3.199650000000000000e+05 -1.155726691378760327e-04 1.222901468285888615e-04 -8.857695183484110579e-06
3.199660000000000000e+05 5.781793932154093114e-05 8.954300175437472815e-05 -1.771410479466026109e-05
3.199670000000000000e+05 5.500684517296154576e-05 8.463613641286979409e-06 -6.543655946935174805e-05
3.199680000000000000e+05 4.234533822987472646e-05 -5.739107526581505795e-05 4.376317595954883272e-05
3.199690000000000000e+05 1.761273904663352932e-05 2.161952940218026046e-06 -2.443780000788749597e-04
3.199700000000000000e+05 -1.053666591967263055e-05 -1.037642085655430147e-04 1.214207659922871467e-05
3.199710000000000000e+05 -7.019410104770323075e-05 7.516329542312792146e-05 2.626031727493390098e-05
3.199720000000000000e+05 8.524015325995900813e-05 -7.633737476508502446e-05 -9.433102203002548378e-05
3.199730000000000000e+05 1.077243257130941782e-04 -9.498902167825617646e-05 -5.384218816886225705e-05
3.199740000000000000e+05 9.729739197992922836e-05 -1.157813937946771462e-04 1.622276247654585286e-04
3.199750000000000000e+05 -1.017773719269673581e-04 7.337829519300042262e-06 1.743473524813484604e-04
3.199760000000000000e+05 5.985103577144774110e-05 5.278172841245700814e-05 1.682655843678630345e-04
3.199770000000000000e+05 -2.751125865586027459e-05 4.904879674245703252e-05 -1.698541728445791073e-04
3.199780000000000000e+05 -5.327640364457429727e-05 3.304807168762779107e-05 -1.197587665324077527e-04
3.199790000000000000e+05 1.079205046733663399e-04 6.219999275165297051e-05 1.026627999227053864e-04
3.199800000000000000e+05 -1.507854842136269180e-04 1.099138045667681922e-04 -4.414340908836507187e-05
3.199810000000000000e+05 -3.975134450348402111e-05 -1.239270766274869293e-04 -6.779896614128554913e-05
3.199820000000000000e+05 -1.238106874162932085e-06 -6.254222824589746835e-05 -1.943221317509676938e-05
3.199830000000000000e+05 -4.099699560586600466e-05 -5.680678324501420024e-05 -7.535141470107915840e-05
3.199840000000000000e+05 -1.548726682575839978e-04 -2.660842695360112224e-07 -4.871405617111980641e-05
3.199850000000000000e+05 -3.419187063603968112e-05 -6.206149085868228080e-06 1.767957198105520283e-04
3.199860000000000000e+05 -3.991746457919431929e-05 -8.556787588630699465e-05 -1.355222405404196489e-04
3.199870000000000000e+05 1.538126155213745351e-04 5.321754033205073828e-05 -1.229995419833684558e-05
3.199880000000000000e+05 1.021454227979986704e-04 1.572820306653922661e-05 -3.268486745669718597e-05
3.199890000000000000e+05 2.352568742354702630e-05 -4.026985521964510529e-05 -6.342850314925357414e-05
3.199900000000000000e+05 7.152366627995471063e-05 1.258752848770636537e-04 -2.531199533642821049e-04
3.199910000000000000e+05 6.537866999846612764e-05 -1.987097316581836083e-05 7.537535045225754828e-05
3.199920000000000000e+05 4.010391541963943617e-05 1.800679737319688448e-04 5.772858934404692579e-05
3.199930000000000000e+05 1.450338600308071553e-04 8.254696538081128000e-05 -2.209891870050562372e-04
3.199940000000000000e+05 -3.750480061639787017e-05 3.526080624966366865e-05 1.224437577097390749e-04
3.199950000000000000e+05 -2.722295249832649004e-05 8.163293356795679333e-05 2.357360231974253318e-05
3.199960000000000000e+05 1.015075892566750458e-04 -3.328928896791602147e-05 9.864554289259276675e-05
3.199970000000000000e+05 -1.117812854201875855e-04 1.193754649005367429e-04 9.769071514705613844e-05
3.199980000000000000e+05 -5.125115979690558082e-05 -7.846518131083884875e-05 1.295723789131771736e-04
3.199990000000000000e+05 -4.464146233985679004e-05 2.403136063111361933e-05 -3.203820881116741355e-05
